1.476 1
1.476 3
2.976 2
2.976 4
3.257 3
3.257 1
3.538 4
3.538 3
3.726 2
3.726 1
4.007 2
4.007 3
4.288 4
4.288 3
4.476 4
4.476 2
5.976 1
5.976 3
6.257 2
6.257 4
6.538 2
6.538 1
6.726 3
6.726 4
7.007 3
7.007 2
7.288 1
7.288 2
7.476 3
7.476 1
8.976 1
8.976 2
9.257 3
9.257 4
9.538 1
9.538 2
9.726 2
9.726 3
10.007 2
10.007 4
10.288 1
10.288 3
10.476 2
10.476 4
11.976 1
11.976 4
12.257 3
12.257 1
12.538 2
12.538 4
12.726 4
12.726 3
13.007 2
13.007 1
13.288 1
13.288 3
13.476 2
13.476 1
13.476 3
13.757 3
14.038 2
14.132 1
14.226 4
14.319 3
14.507 1
14.788 3
14.882 2
14.976 4
15.257 3
15.538 4
15.632 2
15.726 1
16.101 4
16.101 2
16.288 3
16.288 4
16.476 2
16.476 1
16.757 4
17.038 2
17.132 3
17.226 1
17.507 4
17.788 2
17.882 1
17.976 3
18.257 2
18.538 4
18.538 1
18.726 3
18.726 1
18.913 1
18.913 2
19.101 2
19.101 4
19.288 3
19.288 1
19.476 4
19.757 2
20.038 3
20.132 4
20.226 1
20.319 2
20.507 4
20.788 2
20.882 3
20.976 1
21.257 2
21.538 1
21.632 3
21.726 4
22.101 1
22.101 3
22.288 2
22.288 1
22.476 3
22.476 4
22.757 1
23.038 3
23.132 2
23.226 4
23.507 1
23.788 3
23.882 4
23.976 2
24.257 3
24.538 1
24.538 4
24.726 2
24.726 4
24.913 2
24.913 3
25.101 1
25.101 3
25.288 2
25.288 4
25.476 1
25.476 2
25.476 3
25.757 1
25.757 4
25.757 3
26.038 4
26.038 1
26.038 2
26.226 3
26.226 4
26.413 3
26.507 2
26.507 1
26.694 2
26.788 4
26.788 3
26.976 4
26.976 1
26.976 2
27.257 4
27.257 3
27.257 1
27.538 2
27.538 4
27.538 3
27.726 1
27.726 2
27.819 4
27.913 3
28.007 4
28.007 2
28.194 3
28.194 2
28.288 4
28.382 2
28.382 1
28.429 3
28.429 4
28.476 1
28.476 2
28.757 2
28.757 3
28.757 4
29.038 1
29.038 3
29.038 4
29.226 1
29.226 2
29.413 4
29.413 3
29.507 2
29.694 4
29.694 1
29.788 3
29.976 4
29.976 2
29.976 1
30.257 1
30.257 3
30.257 4
30.538 4
30.538 2
30.538 1
30.726 3
30.772 4
30.819 2
30.866 1
30.913 2
30.913 4
30.913 3
31.101 2
31.101 1
31.163 4
31.163 3
31.226 2
31.226 1
31.288 4
31.288 3
31.476 1
31.476 2
31.476 4
31.757 2
31.757 4
31.757 3
32.038 1
32.038 3
32.038 4
32.226 2
32.226 1
32.413 2
32.507 3
32.507 4
32.694 3
32.788 1
32.788 2
32.976 1
32.976 4
32.976 3
33.257 2
33.257 3
33.257 4
33.538 1
33.538 2
33.538 4
33.726 4
33.726 3
33.819 1
33.913 2
34.007 1
34.007 3
34.194 2
34.194 3
34.288 1
34.382 4
34.382 3
34.429 2
34.429 1
34.476 3
34.476 4
34.757 1
34.757 2
34.757 3
35.038 2
35.038 3
35.038 4
35.226 1
35.226 3
35.507 2
35.507 4
35.788 3
35.976 4
35.976 1
35.976 2
36.163 2
36.257 1
36.257 3
36.257 4
36.444 3
36.538 1
36.538 2
36.538 4
36.726 3
36.819 4
36.913 2
37.007 1
37.101 4
37.101 3
37.288 2
37.288 1
37.476 2
37.476 4
37.569 3
37.663 2
37.757 2
37.851 1
37.851 4
37.851 3
37.944 2
38.038 4
38.132 4
38.226 3
38.226 2
38.226 1
38.319 4
38.413 3
38.507 3
38.601 2
38.601 1
38.601 4
38.694 3
38.788 1
38.882 1
38.976 2
38.976 3
38.976 4
39.069 1
39.163 2
39.257 2
39.351 4
39.351 1
39.351 3
39.444 2
39.538 4
39.632 4
39.726 1
39.772 2
39.819 4
39.866 3
39.913 2
40.007 3
40.007 1
40.101 2
40.101 4
40.288 2
40.288 4
40.476 1
40.476 3
40.476 4
40.569 2
40.663 3
40.757 3
40.851 2
40.851 1
40.851 4
40.944 3
41.038 1
41.132 1
41.226 4
41.226 3
41.226 2
41.319 1
41.413 2
41.507 2
41.601 1
41.601 4
41.601 3
41.694 2
41.788 4
41.882 4
41.976 1
41.976 2
41.976 3
42.069 4
42.163 3
42.257 3
42.351 2
42.351 4
42.351 1
42.444 3
42.538 1
42.632 1
42.726 3
42.726 4
42.726 2
42.819 1
43.054 2
43.054 4
43.335 2
43.335 1
43.476 4
43.476 3
43.569 1
43.569 2
43.663 3
43.663 4
43.757 4
43.757 3
43.851 1
43.851 2
43.944 2
43.944 1
44.038 4
44.085 3
44.132 2
44.179 1
44.226 4
44.226 3
44.319 2
44.319 1
44.413 4
44.413 3
44.507 1
44.554 2
44.601 4
44.601 3
44.694 2
44.694 1
44.788 4
44.835 3
44.882 2
44.929 1
44.976 4
44.976 3
45.069 1
45.069 2
45.163 3
45.163 4
45.257 4
45.257 3
45.351 1
45.351 2
45.444 1
45.444 2
45.538 4
45.585 3
45.632 2
45.679 1
45.726 3
45.726 4
45.819 3
45.819 4
45.913 1
45.96 2
46.007 3
46.007 4
46.101 1
46.147 2
46.194 3
46.194 4
46.288 1
46.335 2
46.382 3
46.429 4
46.476 1
46.476 2
46.569 3
46.569 4
46.663 1
46.663 2
46.757 4
46.804 3
46.851 1
46.851 2
46.944 4
46.944 3
47.038 1
47.038 2
47.132 4
47.179 3
47.226 1
47.226 2
47.319 4
47.319 3
47.413 1
47.413 2
47.507 4
47.554 3
47.601 1
47.601 2
47.694 4
47.694 3
47.788 1
47.788 2
47.882 4
47.882 3
47.976 1
48.022 2
48.069 3
48.116 4
48.163 2
48.21 1
48.257 4
48.304 3
48.351 2
48.397 1
48.444 3
48.491 4
48.538 1
48.585 2
48.632 3
48.679 4
48.726 1
48.726 2
48.913 1
48.913 3
49.007 4
49.007 2
49.101 3
49.101 4
49.288 3
49.288 4
49.476 4
49.476 1
49.476 2
49.569 3
49.663 4
49.757 1
49.851 2
49.944 3
50.038 4
50.132 1
50.226 2
50.319 3
50.413 4
50.507 1
50.601 2
50.694 3
50.788 4
50.851 1
50.913 2
50.976 3
51.038 4
51.101 1
51.163 2
51.226 3
51.288 4
51.351 1
51.413 2
51.476 3
51.538 4
51.601 1
51.663 2
51.726 3
51.788 4
51.851 1
51.913 2
51.976 3
52.038 4
52.101 1
52.163 2
52.226 3
52.288 4
52.351 1
52.413 2
52.476 3
52.538 4
52.601 2
52.663 1
52.726 3
52.788 2
52.851 4
52.913 3
52.976 2
53.038 1
53.101 4
53.163 3
53.226 2
53.288 1
53.351 4
53.413 3
53.476 2
53.538 1
53.601 3
53.663 4
53.726 2
53.788 3
53.851 1
53.913 2
53.976 3
54.038 4
54.101 1
54.163 2
54.226 3
54.288 4
54.351 1
54.413 2
54.476 3
54.538 4
54.601 1
54.663 2
54.726 3
54.788 4
54.819 1
54.866 2
54.913 3
54.96 4
55.007 1
55.054 2
55.101 3
55.147 4
55.194 1
55.241 2
55.288 3
55.335 4
55.382 1
55.429 2
55.476 3
55.522 4
55.569 1
55.616 2
55.663 3
55.71 4
55.757 1
55.804 2
55.851 3
55.897 4
55.944 1
55.991 2
56.038 3
56.085 4
56.132 1
56.179 2
56.226 3
56.272 4
56.319 1
56.366 2
56.413 3
56.482 4
56.482 1
56.482 2
56.669 4
56.669 3
56.669 1
56.857 2
56.857 1
56.857 3
57.044 4
57.044 3
57.044 2
57.232 1
57.232 2
57.232 4
57.232 3
57.419 4
57.419 3
57.419 1
57.607 2
57.607 3
57.607 4
57.794 1
57.794 2
57.794 3
57.982 4
57.982 3
57.982 1
57.982 2
58.169 1
58.169 2
58.169 4
58.357 3
58.357 4
58.357 2
58.544 1
58.544 2
58.544 3
58.732 1
58.732 3
58.732 4
58.732 2
58.919 1
58.919 2
58.919 4
59.107 2
59.107 3
59.107 4
59.294 1
59.294 2
59.294 3
59.482 4
59.482 3
59.482 1
59.544 2
59.607 1
59.669 3
59.732 2
59.794 4
59.857 2
59.857 1
59.919 3
59.982 4
60.044 2
60.107 3
60.169 1
60.232 3
60.232 4
60.294 2
60.294 1
60.357 4
60.357 3
60.419 1
60.419 2
60.482 3
60.482 4
60.544 1
60.544 2
60.607 3
60.607 4
60.669 2
60.669 1
60.732 4
60.732 3
60.794 1
60.794 2
60.857 3
60.857 4
60.919 2
60.919 1
60.982 4
60.982 3
61.169 1
61.169 3
61.357 1
61.357 2
61.544 4
61.591 3
61.638 2
61.685 1
61.732 4
61.778 3
61.825 2
61.872 1
61.919 4
61.966 3
62.013 2
62.06 1
62.107 3
62.107 4
62.294 4
62.294 2
62.482 1
62.482 4
62.482 3
62.544 2
62.607 3
62.669 4
62.669 1
62.732 2
62.794 3
62.857 1
62.857 4
62.857 2
62.919 3
62.982 4
63.044 1
63.044 2
63.138 3
63.232 1
63.232 2
63.232 4
63.325 3
63.419 1
63.419 4
63.513 2
63.607 4
63.607 3
63.7 1
63.794 2
63.794 4
63.888 3
63.982 4
63.982 1
63.982 2
64.044 3
64.107 2
64.169 1
64.169 4
64.232 3
64.294 2
64.357 4
64.357 1
64.357 3
64.419 2
64.482 1
64.544 4
64.544 3
64.638 2
64.732 4
64.732 3
64.732 1
64.825 2
64.919 4
64.919 1
65.013 3
65.107 1
65.107 2
65.2 4
65.294 3
65.294 1
65.388 2
65.482 3
65.482 4
65.482 1
65.544 2
65.607 3
65.669 1
65.669 4
65.732 2
65.794 3
65.857 2
65.857 4
65.857 1
65.919 3
65.982 4
66.044 2
66.044 1
66.138 3
66.232 4
66.232 2
66.232 1
66.325 3
66.419 4
66.419 1
66.513 2
66.607 3
66.607 4
66.7 1
66.794 4
66.794 2
66.888 3
66.982 2
66.982 1
66.982 4
67.044 3
67.107 2
67.169 1
67.232 3
67.232 4
67.294 1
67.294 2
67.357 4
67.357 3
67.419 1
67.482 2
67.544 3
67.544 4
67.607 1
67.669 2
67.732 4
67.732 3
67.825 1
67.825 2
67.919 1
67.919 2
68.013 1
68.013 2
68.2 4
68.2 3
68.294 4
68.294 3
68.388 4
68.388 3
68.482 1
68.482 2
68.482 3
68.544 4
68.607 3
68.669 2
68.669 1
68.732 4
68.794 3
68.857 4
68.857 1
68.857 2
68.919 3
68.982 2
69.044 1
69.044 4
69.138 3
69.232 1
69.232 2
69.232 4
69.325 3
69.419 1
69.419 2
69.513 4
69.607 1
69.607 3
69.7 2
69.794 4
69.794 3
69.888 1
69.982 4
69.982 3
69.982 2
70.044 1
70.107 2
70.169 3
70.169 4
70.232 1
70.294 2
70.357 1
70.357 4
70.357 3
70.419 2
70.482 3
70.544 4
70.544 1
70.638 2
70.732 4
70.732 3
70.732 1
70.825 2
70.919 4
70.919 3
71.013 1
71.107 4
71.107 2
71.2 3
71.294 1
71.294 2
71.388 4
71.482 3
71.482 2
71.482 1
71.544 4
71.607 3
71.669 1
71.669 2
71.732 4
71.794 3
71.857 2
71.857 1
71.857 4
71.919 3
71.982 2
72.044 4
72.044 1
72.138 3
72.232 4
72.232 2
72.232 1
72.325 3
72.419 1
72.419 4
72.513 2
72.607 1
72.607 4
72.7 3
72.794 2
72.888 4
72.982 2
72.982 1
73.044 3
73.107 4
73.169 2
73.232 1
73.263 4
73.31 3
73.357 2
73.419 4
73.482 3
73.544 1
73.607 2
73.669 3
73.732 4
73.732 1
73.919 2
73.919 4
74.107 1
74.107 3
74.482 2
74.482 1
74.482 4
74.544 3
74.607 2
74.669 4
74.669 1
74.732 3
74.794 2
74.857 3
74.857 1
74.857 4
74.919 2
74.982 1
75.044 3
75.044 4
75.138 2
75.232 1
75.232 3
75.232 4
75.325 2
75.419 1
75.419 4
75.513 4
75.607 2
75.607 3
75.7 1
75.794 2
75.794 4
75.888 2
75.982 1
75.982 4
75.982 3
76.044 2
76.107 3
76.169 4
76.169 1
76.232 2
76.294 3
76.357 1
76.357 4
76.357 2
76.419 3
76.482 4
76.544 1
76.544 2
76.638 3
76.732 1
76.732 2
76.732 4
76.825 3
76.919 1
76.919 4
77.013 1
77.107 2
77.107 3
77.2 4
77.294 1
77.294 3
77.388 3
77.482 2
77.482 1
77.482 4
77.544 3
77.607 2
77.669 4
77.669 1
77.732 3
77.794 2
77.857 3
77.857 1
77.857 4
77.919 2
77.982 1
78.044 3
78.044 4
78.138 2
78.232 1
78.232 3
78.232 4
78.325 2
78.419 1
78.419 4
78.513 4
78.607 2
78.607 3
78.7 1
78.794 2
78.794 4
78.888 2
78.982 1
78.982 4
78.982 3
79.044 2
79.107 3
79.169 4
79.232 2
79.232 1
79.294 3
79.294 4
79.357 2
79.357 1
79.419 3
79.482 4
79.544 1
79.607 2
79.669 3
79.732 1
79.732 4
79.825 2
79.919 3
79.919 4
80.013 1
80.013 2
80.107 4
80.107 3
80.2 2
80.2 1
80.294 3
80.388 3
80.482 1
80.482 4
80.482 2
80.544 3
80.607 2
80.669 1
80.732 3
80.794 2
80.857 1
80.857 4
80.919 3
80.982 2
81.044 4
81.107 1
81.169 2
81.232 3
81.232 4
81.325 1
81.419 2
81.419 4
81.513 3
81.607 1
81.607 2
81.7 4
81.794 3
81.794 1
81.888 2
81.982 3
81.982 1
81.982 4
82.044 2
82.107 3
82.169 4
82.232 2
82.294 3
82.357 1
82.357 4
82.419 2
82.482 3
82.544 1
82.607 4
82.669 3
82.732 1
82.732 2
82.825 4
82.919 1
82.919 3
83.013 2
83.107 3
83.107 4
83.2 1
83.294 4
83.294 2
83.388 3
83.482 1
83.482 2
83.575 3
83.575 4
83.669 2
83.669 1
83.763 3
83.763 4
83.857 1
83.857 2
83.95 1
83.95 2
84.044 4
84.091 3
84.138 2
84.185 1
84.232 4
84.232 3
84.325 1
84.372 2
84.419 3
84.466 4
84.513 1
84.56 2
84.607 3
84.653 4
84.7 2
84.7 1
84.794 4
84.841 3
84.888 2
84.935 1
84.982 4
84.982 2
85.169 1
85.169 3
85.357 4
85.544 1
85.591 2
85.638 3
85.685 4
85.732 1
85.778 2
85.825 3
85.825 4
86.107 1
86.107 2
86.2 3
86.2 4
86.294 1
86.294 2
86.482 3
86.482 4
86.575 2
86.575 1
86.669 3
86.669 4
86.763 1
86.763 2
86.857 4
86.857 3
86.919 1
86.982 2
87.044 3
87.044 4
87.107 1
87.169 2
87.232 4
87.232 1
87.294 3
87.357 2
87.419 3
87.419 4
87.482 1
87.544 2
87.607 4
87.607 3
87.7 1
87.7 2
87.794 3
87.794 4
87.857 2
87.919 4
87.982 1
87.982 2
88.044 3
88.107 4
88.169 1
88.169 2
88.232 3
88.294 2
88.357 1
88.357 4
88.45 3
88.45 2
88.544 1
88.544 4
88.607 3
88.669 2
88.732 4
88.732 3
88.825 2
88.825 1
88.919 4
88.919 3
89.013 1
89.013 2
89.107 4
89.107 3
89.2 1
89.294 4
89.294 2
89.388 1
89.482 3
89.482 4
89.575 1
89.575 2
89.669 3
89.669 4
89.732 1
89.794 2
89.857 4
89.857 3
89.95 2
89.95 1
90.044 3
90.044 4
90.107 2
90.169 1
90.232 3
90.232 4
90.294 2
90.357 4
90.419 1
90.419 2
90.513 3
90.513 4
90.607 1
90.607 2
90.7 3
90.7 4
90.794 1
90.794 2
90.857 3
90.919 4
90.982 1
90.982 2
91.044 3
91.107 1
91.169 3
91.169 4
91.263 2
91.263 1
91.357 3
91.357 4
91.45 2
91.544 1
91.544 4
91.638 3
91.732 1
91.732 2
91.825 4
91.919 1
91.919 3
92.013 4
92.107 1
92.107 2
92.2 4
92.294 1
92.294 3
92.388 4
92.482 1
92.482 2
92.575 4
92.575 3
92.669 1
92.669 2
92.763 3
92.763 4
92.857 2
92.857 1
92.919 4
92.982 3
93.044 1
93.044 2
93.107 4
93.169 3
93.232 4
93.232 1
93.294 2
93.357 3
93.419 1
93.419 2
93.482 4
93.544 3
93.607 2
93.607 1
93.7 3
93.7 4
93.794 1
93.794 2
93.857 3
93.919 1
93.982 3
93.982 4
94.044 2
94.107 1
94.169 3
94.169 4
94.232 2
94.294 4
94.357 1
94.357 2
94.419 3
94.482 4
94.544 2
94.607 3
94.669 1
94.732 3
94.732 4
94.825 1
94.825 2
94.919 3
94.919 4
95.013 1
95.013 2
95.107 4
95.107 3
95.2 1
95.294 2
95.294 4
95.388 1
95.482 3
95.482 4
95.575 1
95.669 2
95.763 3
95.763 4
95.857 1
95.95 4
95.95 3
96.044 2
96.044 1
96.138 4
96.232 1
96.232 2
96.325 2
96.325 1
96.419 3
96.419 4
96.513 3
96.513 4
96.607 1
96.7 3
96.7 4
96.794 2
96.794 1
96.888 4
96.982 1
96.982 2
97.075 4
97.169 2
97.263 3
97.263 4
97.357 1
97.45 3
97.544 1
97.544 2
97.638 4
97.732 1
97.732 3
97.919 1
97.982 2
98.044 3
98.107 4
98.107 1
98.153 2
98.2 3
98.247 4
98.294 1
98.341 2
98.388 3
98.435 4
98.482 1
98.482 3
98.575 1
98.669 2
98.763 3
98.857 4
98.857 1
98.95 4
99.044 3
99.138 2
99.232 1
99.232 4
99.325 1
99.419 2
99.513 3
99.607 4
99.607 1
99.7 4
99.794 3
99.888 2
99.982 4
99.982 1
100.075 3
100.169 2
100.263 3
100.357 1
100.357 4
100.45 2
100.544 3
100.638 2
100.732 4
100.732 1
100.825 3
100.919 2
101.013 4
101.107 1
101.107 4
101.2 2
101.294 3
101.388 1
101.482 1
101.482 4
101.575 3
101.669 2
101.763 3
101.857 1
101.857 4
101.95 2
102.044 3
102.138 2
102.232 4
102.232 1
102.325 3
102.419 2
102.513 3
102.607 4
102.607 1
102.7 2
102.794 3
102.888 4
102.982 1
102.982 2
103.075 3
103.169 2
103.263 4
103.263 1
103.357 2
103.357 3
103.45 4
103.544 1
103.544 2
103.638 3
103.732 4
103.732 1
103.825 2
103.825 3
103.919 4
103.919 1
104.013 2
104.107 3
104.107 4
104.2 1
104.294 2
104.294 4
104.388 3
104.482 1
104.482 2
104.482 4
104.669 4
104.669 3
104.669 1
104.857 2
104.857 3
104.857 4
105.044 1
105.044 4
105.044 3
105.232 1
105.232 4
105.232 2
105.232 3
105.419 2
105.419 1
105.419 3
105.607 4
105.607 1
105.607 2
105.794 3
105.794 4
105.794 1
105.982 3
105.982 4
105.982 2
105.982 1
106.169 1
106.169 4
106.169 3
106.357 1
106.357 2
106.357 4
106.544 3
106.544 2
106.544 1
106.732 4
106.732 1
106.732 2
106.732 3
106.919 1
106.919 4
106.919 3
107.107 2
107.107 3
107.107 4
107.294 3
107.294 4
107.294 1
107.482 1
107.482 2
107.575 3
107.575 4
107.669 1
107.669 2
107.763 4
107.763 3
107.857 2
107.857 1
107.95 4
107.95 3
108.044 2
108.044 1
108.138 4
108.138 3
108.232 2
108.232 1
108.325 3
108.325 4
108.419 1
108.419 2
108.513 3
108.513 4
108.607 1
108.607 2
108.7 4
108.7 3
108.794 2
108.794 1
108.888 4
108.888 3
108.982 2
108.982 1
109.028 4
109.075 3
109.122 2
109.169 1
109.216 4
109.263 3
109.31 2
109.357 4
109.403 3
109.45 2
109.497 1
109.544 4
109.591 3
109.638 2
109.685 1
109.732 4
109.778 3
109.825 1
109.872 2
109.919 3
109.966 4
110.013 1
110.06 2
110.107 3
110.153 1
110.2 2
110.247 3
110.294 4
110.341 1
110.388 2
110.435 3
110.482 4
110.482 1
110.482 2
116.482 3
116.482 4
116.482 1
116.482 2
116.857 1
116.857 4
116.857 3
116.95 3
117.044 2
117.138 2
117.232 1
117.232 4
117.232 3
117.325 4
117.419 4
117.513 1
117.607 3
117.653 2
117.7 1
117.7 4
117.794 4
117.888 3
117.982 2
117.982 4
117.982 1
118.169 2
118.216 3
118.263 1
118.263 4
118.357 2
118.357 4
118.45 4
118.544 3
118.544 2
118.638 2
118.732 4
118.732 1
118.825 2
118.825 4
118.919 4
119.013 3
119.107 1
119.107 4
119.107 3
119.2 1
119.294 2
119.388 3
119.482 1
119.482 2
119.482 3
119.482 4
119.857 1
119.857 2
119.857 4
119.903 3
119.95 2
119.997 1
120.044 4
120.091 3
120.138 1
120.185 2
120.232 4
120.232 3
120.325 1
120.419 4
120.419 2
120.513 3
120.607 1
120.607 2
120.607 4
120.7 4
120.794 2
120.888 1
120.888 3
120.982 4
120.982 1
120.982 2
121.169 1
121.169 4
121.216 2
121.263 3
121.31 4
121.357 1
121.357 2
121.45 1
121.544 2
121.638 2
121.732 1
121.732 4
121.732 3
121.825 4
121.919 3
122.013 3
122.107 1
122.153 2
122.2 3
122.247 4
122.294 1
122.341 2
122.388 3
122.482 1
122.482 2
122.482 3
122.482 4
122.857 1
122.857 4
122.857 3
122.95 2
123.044 4
123.138 2
123.232 4
123.232 1
123.232 3
123.325 2
123.419 1
123.513 3
123.607 1
123.607 2
123.7 3
123.794 1
123.794 4
123.888 3
123.982 1
124.044 2
124.107 1
124.169 4
124.216 3
124.263 2
124.31 1
124.357 2
124.45 3
124.544 1
124.638 4
124.732 1
124.732 2
124.825 4
124.919 2
125.013 3
125.107 4
125.107 2
125.2 3
125.294 4
125.341 3
125.388 2
125.435 1
125.482 3
125.544 4
125.607 1
125.669 2
125.732 3
125.794 4
125.857 1
125.857 2
125.95 3
126.044 2
126.138 4
126.138 1
126.232 3
126.325 2
126.419 1
126.419 4
126.513 3
126.607 2
126.7 1
126.7 4
126.794 1
126.888 2
126.982 3
126.982 4
127.075 2
127.169 3
127.263 4
127.263 1
127.357 2
127.45 3
127.544 4
127.544 1
127.638 2
127.732 3
127.825 4
127.825 1
127.919 4
128.013 3
128.107 1
128.107 2
128.2 4
128.294 3
128.388 2
128.482 1
128.482 4
128.575 3
128.669 2
128.857 1
128.857 4
128.95 3
129.044 1
129.138 2
129.232 3
129.232 4
129.325 1
129.419 3
129.513 2
129.607 4
129.607 3
129.7 1
129.7 2
129.794 3
129.794 4
129.888 1
129.982 4
129.982 1
130.075 2
130.169 4
130.216 3
130.263 2
130.31 1
130.357 3
130.357 4
130.45 2
130.544 1
130.638 3
130.685 2
130.732 1
130.732 4
130.825 3
130.919 2
131.013 4
131.107 3
131.2 1
131.294 4
131.388 2
131.482 4
131.482 3
131.482 1
131.669 4
131.732 3
131.794 2
131.857 1
131.857 4
131.919 3
131.982 2
132.044 4
132.232 1
132.294 2
132.357 3
132.419 4
132.482 2
132.544 3
132.607 1
132.607 4
132.794 3
132.794 4
132.982 3
132.982 1
132.982 2
133.263 1
133.263 3
133.263 4
133.544 1
133.544 2
133.544 4
133.825 2
133.825 3
133.825 4
134.107 1
134.107 4
134.153 2
134.2 3
134.247 4
134.294 2
134.294 1
134.482 3
134.482 4
134.482 1
134.575 2
134.669 3
134.669 4
134.763 2
134.763 1
134.857 4
134.857 3
134.95 1
134.95 2
135.044 3
135.044 4
135.107 1
135.169 2
135.232 3
135.232 4
135.294 1
135.357 3
135.419 2
135.419 1
135.482 4
135.544 3
135.607 1
135.607 2
135.7 3
135.7 4
135.794 1
135.794 2
135.857 3
135.919 4
135.982 1
135.982 2
136.044 3
136.107 1
136.169 3
136.169 4
136.263 1
136.263 2
136.357 4
136.357 3
136.45 1
136.45 2
136.544 3
136.544 4
136.607 2
136.669 1
136.732 3
136.732 4
136.794 2
136.857 3
136.919 1
136.919 2
137.013 4
137.013 3
137.107 1
137.107 2
137.2 4
137.294 1
137.294 3
137.388 4
137.482 1
137.482 2
137.575 3
137.575 4
137.669 1
137.669 2
137.763 3
137.763 4
137.857 1
137.857 2
137.95 3
137.95 4
138.044 1
138.044 2
138.138 3
138.138 4
138.232 1
138.278 2
138.325 3
138.372 4
138.419 1
138.466 2
138.513 4
138.56 3
138.607 2
138.653 1
138.7 4
138.747 3
138.794 1
138.841 2
138.888 3
138.935 4
138.982 3
138.982 1
139.169 2
139.169 4
139.357 1
139.544 4
139.591 3
139.638 2
139.685 1
139.732 4
139.825 3
139.919 2
140.013 1
140.107 3
140.2 3
140.294 3
140.388 3
140.482 1
140.482 2
140.482 4
140.575 3
140.669 1
140.669 4
140.763 2
140.857 1
140.857 3
140.857 4
140.95 2
141.044 3
141.044 4
141.107 1
141.169 2
141.232 4
141.232 3
141.325 1
141.419 2
141.419 4
141.513 3
141.607 1
141.607 2
141.607 4
141.7 3
141.794 1
141.794 2
141.857 4
141.919 3
141.982 1
141.982 2
141.982 4
142.075 4
142.075 3
142.169 4
142.169 3
142.263 4
142.263 3
142.357 3
142.357 2
142.357 1
142.45 4
142.544 1
142.544 3
142.638 2
142.732 4
142.732 3
142.732 1
142.794 2
142.857 3
142.919 4
142.982 2
143.044 3
143.107 4
143.107 1
143.2 3
143.294 1
143.294 2
143.388 4
143.482 2
143.482 3
143.575 4
143.669 1
143.669 3
143.763 2
143.857 1
143.857 3
143.857 4
143.95 2
144.044 4
144.044 3
144.107 1
144.169 3
144.232 1
144.232 2
144.232 4
144.325 3
144.419 1
144.419 4
144.513 2
144.607 3
144.607 4
144.607 1
144.7 2
144.794 1
144.794 4
144.888 3
144.982 4
144.982 2
144.982 1
145.075 1
145.075 3
145.169 1
145.169 3
145.263 1
145.263 3
145.357 2
145.357 3
145.357 4
145.45 1
145.544 2
145.544 4
145.638 3
145.732 1
145.732 4
145.825 2
145.919 3
145.919 4
146.013 2
146.107 1
146.107 4
146.153 2
146.2 3
146.247 4
146.294 2
146.341 3
146.388 1
146.435 2
146.482 4
146.482 3
146.575 1
146.669 3
146.669 4
146.763 2
146.857 1
146.857 3
146.857 4
146.95 2
147.044 3
147.044 4
147.107 1
147.169 2
147.232 4
147.232 3
147.325 1
147.419 2
147.419 4
147.513 3
147.607 1
147.607 2
147.607 4
147.7 3
147.794 1
147.794 2
147.857 4
147.919 3
147.982 1
147.982 2
147.982 4
148.075 3
148.169 1
148.169 4
148.263 2
148.357 3
148.357 1
148.357 4
148.45 2
148.544 4
148.544 1
148.638 3
148.732 4
148.732 1
148.732 2
148.794 3
148.857 2
148.919 1
148.982 3
149.044 2
149.107 1
149.107 4
149.2 2
149.294 4
149.294 3
149.388 1
149.482 2
149.482 3
149.575 1
149.669 2
149.669 4
149.763 3
149.857 1
149.857 2
149.857 4
149.95 3
150.044 1
150.044 2
150.138 3
150.138 4
150.232 1
150.232 2
150.232 4
150.419 4
150.419 3
150.419 1
150.607 1
150.607 2
150.607 3
150.794 4
150.794 2
150.794 3
150.982 1
150.982 2
150.982 4
151.169 1
151.216 2
151.263 3
151.31 4
151.357 1
151.403 2
151.45 3
151.497 4
151.544 1
151.544 2
151.607 3
151.607 4
151.669 1
151.669 2
151.732 3
151.732 4
151.825 1
151.919 3
152.013 2
152.107 4
152.2 2
152.294 3
152.388 1
152.482 2
152.482 1
152.482 3
152.482 4
152.857 1
152.857 2
152.857 4
152.857 3
152.982 2
153.107 2
153.232 1
153.232 2
153.232 3
153.232 4
153.357 1
153.357 4
153.482 1
153.482 4
153.607 1
153.607 2
153.607 4
153.607 3
153.732 3
153.857 3
153.982 4
153.982 1
153.982 3
153.982 2
154.357 1
154.357 2
154.357 4
154.357 3
154.482 1
154.607 1
154.732 1
154.732 2
154.732 3
154.732 4
154.857 2
154.857 3
154.982 2
154.982 3
155.107 1
155.107 2
155.107 3
155.107 4
155.232 4
155.357 4
155.482 1
155.482 2
155.482 4
155.482 3
155.575 1
155.575 2
155.857 3
155.857 4
155.857 2
155.982 2
155.982 3
156.107 3
156.107 2
156.232 1
156.232 4
156.482 2
156.544 3
156.607 4
156.607 1
156.607 2
156.732 2
156.732 3
156.857 3
156.857 2
156.982 1
156.982 4
156.982 3
157.232 1
157.232 2
157.232 3
157.482 4
157.482 3
157.482 2
157.732 1
157.732 2
157.732 4
157.919 1
157.919 4
158.013 3
158.107 1
158.482 4
158.482 2
158.575 3
158.669 1
158.669 2
158.763 4
158.763 3
158.95 2
158.95 1
159.044 1
159.044 2
159.138 3
159.138 4
159.232 4
159.232 3
159.325 1
159.325 2
159.513 2
159.513 1
159.7 3
159.794 4
159.982 1
160.028 2
160.075 3
160.122 4
160.169 1
160.169 2
160.263 1
160.263 2
160.45 4
160.45 3
160.544 4
160.544 3
160.638 1
160.638 2
160.732 1
160.732 2
160.919 3
160.919 4
161.013 2
161.013 1
161.107 4
161.294 1
161.482 3
161.482 2
161.575 2
161.575 3
161.763 2
161.763 1
161.763 3
161.763 4
161.95 4
161.95 3
162.044 1
162.044 2
162.138 3
162.138 4
162.232 2
162.232 1
162.325 4
162.325 3
162.419 2
162.419 1
162.513 3
162.56 4
162.607 2
162.653 3
162.7 1
162.747 2
162.794 3
162.794 4
162.888 1
162.888 2
162.982 3
162.982 4
163.075 2
163.169 3
163.263 1
163.263 2
163.357 4
163.45 2
163.544 3
163.544 4
163.638 1
163.732 4
163.825 2
163.825 3
163.919 1
164.013 2
164.107 4
164.153 3
164.2 2
164.247 1
164.294 4
164.341 3
164.388 2
164.435 1
164.482 4
164.482 2
164.482 3
165.138 1
165.232 2
165.232 4
165.419 3
165.513 1
165.607 4
165.607 3
165.888 1
165.982 3
165.982 4
166.263 4
166.357 3
166.357 2
166.544 1
166.544 2
166.638 3
166.638 4
166.732 2
166.732 1
166.919 4
166.919 3
167.013 2
167.107 4
167.107 1
167.2 3
167.294 2
167.294 1
167.388 4
167.482 2
167.482 3
167.669 4
167.669 1
168.044 3
168.044 4
168.138 1
168.138 2
168.232 4
168.232 3
168.419 4
168.419 1
168.513 3
168.607 1
168.607 2
168.7 4
168.794 2
168.794 3
168.888 1
168.982 4
168.982 3
169.544 4
169.638 2
169.732 4
169.732 3
169.919 1
169.919 2
170.013 3
170.107 1
170.107 4
170.2 2
170.294 4
170.294 3
170.388 1
170.482 3
170.482 2
170.669 1
170.669 4
170.763 2
171.044 3
171.044 2
171.138 4
171.138 1
171.232 2
171.232 3
171.419 4
171.513 2
171.607 4
171.607 1
171.888 1
171.982 3
171.982 4
172.263 2
172.357 4
172.544 1
172.544 2
172.638 3
172.638 4
172.732 2
172.732 1
172.919 4
172.919 3
173.013 2
173.013 1
173.107 3
173.107 4
173.2 2
173.294 4
173.294 1
173.388 2
173.388 3
173.482 4
173.482 1
173.669 1
173.669 3
174.044 2
174.044 4
174.138 3
174.138 1
174.232 2
174.232 4
174.419 3
174.419 4
174.513 1
174.513 2
174.607 3
174.7 2
174.7 1
174.794 4
174.794 3
174.888 2
174.982 1
174.982 4
175.544 3
175.638 2
175.732 3
175.732 4
175.919 1
175.919 4
176.013 2
176.107 4
176.107 3
176.2 1
176.294 2
176.294 3
176.388 4
176.482 1
176.482 2
176.763 3
176.857 4
177.138 4
177.232 3
177.513 3
177.607 4
177.888 3
177.982 4
177.982 2
178.263 3
178.357 1
178.544 4
178.638 3
178.732 1
178.732 4
178.919 3
179.013 1
179.107 3
179.2 2
179.294 3
179.388 1
179.482 2
179.482 3
179.669 1
179.669 4
180.044 2
180.138 4
180.232 2
180.419 1
180.513 4
180.607 2
180.7 4
180.794 1
180.888 2
180.982 1
180.982 4
181.263 2
181.544 4
181.638 3
181.732 2
181.732 4
181.919 3
182.013 1
182.107 3
182.2 1
182.294 2
182.388 1
182.482 2
182.482 3
182.669 4
182.669 1
183.044 4
183.138 1
183.232 3
183.419 4
183.513 3
183.607 4
183.888 1
183.982 4
183.982 3
184.263 2
184.357 4
184.544 1
184.638 4
184.732 1
184.732 2
184.919 4
185.013 2
185.107 3
185.2 2
185.294 4
185.388 2
185.482 3
185.482 4
185.669 1
185.669 2
186.044 3
186.138 1
186.232 3
186.232 2
186.419 1
186.513 4
186.607 1
186.7 3
186.794 4
186.888 1
186.982 3
186.982 4
187.263 1
187.544 3
187.638 1
187.732 2
187.919 1
188.013 3
188.107 1
188.2 3
188.294 2
188.388 3
188.482 1
188.482 2
188.763 3
189.044 2
189.138 1
189.232 4
189.325 3
189.513 1
189.794 3
189.888 2
189.982 4
190.263 3
190.544 4
190.638 2
190.732 1
191.107 4
191.107 2
191.294 3
191.294 4
191.482 2
191.482 1
191.763 4
192.044 2
192.138 3
192.232 1
192.513 4
192.794 2
192.888 1
192.982 3
193.263 2
193.544 4
193.544 1
193.732 3
193.732 1
193.919 1
193.919 2
194.107 4
194.107 2
194.294 1
194.294 3
194.482 4
194.763 2
195.044 3
195.138 4
195.232 1
195.325 2
195.513 4
195.794 2
195.888 3
195.982 1
196.263 2
196.544 1
196.638 3
196.732 4
197.107 1
197.107 3
197.294 2
197.294 1
197.482 3
197.482 4
197.763 1
198.044 3
198.138 2
198.232 4
198.513 1
198.794 3
198.888 4
198.982 2
199.263 3
199.544 1
199.544 4
199.732 2
199.732 4
199.919 2
199.919 3
200.107 1
200.107 3
200.294 2
200.294 4
200.482 1
200.482 2
200.482 3
200.763 1
200.763 4
200.763 3
201.044 4
201.044 1
201.044 2
201.232 3
201.232 4
201.419 3
201.513 2
201.513 1
201.7 2
201.794 4
201.794 3
201.982 4
201.982 1
201.982 2
202.263 4
202.263 3
202.263 1
202.544 2
202.544 4
202.544 3
202.732 1
202.732 2
202.825 4
202.919 3
203.013 4
203.013 2
203.2 3
203.2 2
203.294 4
203.388 2
203.388 1
203.435 3
203.435 4
203.482 1
203.482 2
203.763 2
203.763 3
203.763 4
204.044 1
204.044 3
204.044 4
204.232 1
204.232 2
204.419 4
204.419 3
204.513 2
204.7 4
204.7 1
204.794 3
204.982 4
204.982 2
204.982 1
205.263 1
205.263 3
205.263 4
205.544 4
205.544 2
205.544 1
205.732 3
205.778 4
205.825 2
205.872 1
205.919 2
205.919 4
205.919 3
206.107 2
206.107 1
206.169 4
206.169 3
206.232 2
206.232 1
206.294 4
206.294 3
206.482 1
206.482 2
206.482 4
206.763 2
206.763 4
206.763 3
207.044 1
207.044 3
207.044 4
207.232 2
207.232 1
207.419 2
207.513 3
207.513 4
207.7 3
207.794 1
207.794 2
207.982 1
207.982 4
207.982 3
208.263 2
208.263 3
208.263 4
208.544 1
208.544 2
208.544 4
208.732 4
208.732 3
208.825 1
208.919 2
209.013 1
209.013 3
209.2 2
209.2 3
209.294 1
209.388 4
209.388 3
209.435 2
209.435 1
209.482 3
209.482 4
209.763 1
209.763 2
209.763 3
210.044 2
210.044 3
210.044 4
210.232 1
210.232 3
210.513 2
210.513 4
210.794 3
210.982 4
210.982 1
210.982 2
211.169 2
211.263 1
211.263 3
211.263 4
211.45 3
211.544 1
211.544 2
211.544 4
211.732 3
211.825 4
211.919 2
212.013 1
212.107 4
212.107 3
212.294 2
212.294 1
212.482 2
212.482 4
212.575 3
212.669 2
212.763 2
212.857 1
212.857 4
212.857 3
212.95 2
213.044 4
213.138 4
213.232 3
213.232 2
213.232 1
213.325 4
213.419 3
213.513 3
213.607 2
213.607 1
213.607 4
213.7 3
213.794 1
213.888 1
213.982 2
213.982 3
213.982 4
214.075 1
214.169 2
214.263 2
214.357 4
214.357 1
214.357 3
214.45 2
214.544 4
214.638 4
214.732 1
214.778 2
214.825 4
214.872 3
214.919 2
215.013 3
215.013 1
215.107 2
215.107 4
215.294 2
215.294 4
215.482 1
215.482 3
215.482 4
215.575 2
215.669 3
215.763 3
215.857 2
215.857 1
215.857 4
215.95 3
216.044 1
216.138 1
216.232 4
216.232 3
216.232 2
216.325 1
216.419 2
216.513 2
216.607 1
216.607 4
216.607 3
216.7 2
216.794 4
216.888 4
216.982 1
216.982 2
216.982 3
217.075 4
217.169 3
217.263 3
217.357 2
217.357 4
217.357 1
217.45 3
217.544 1
217.638 1
217.732 3
217.732 4
217.732 2
217.825 1
218.06 2
218.06 4
218.341 2
218.341 1
218.482 4
218.482 3
218.575 2
218.575 1
218.669 4
218.669 3
218.763 3
218.763 4
218.857 2
218.857 1
218.95 1
218.95 2
219.044 4
219.091 3
219.138 2
219.185 1
219.232 3
219.232 4
219.325 1
219.325 2
219.419 3
219.419 4
219.513 1
219.56 2
219.607 3
219.607 4
219.7 1
219.7 2
219.794 4
219.841 3
219.888 2
219.935 1
219.982 3
219.982 4
220.075 2
220.075 1
220.169 4
220.169 3
220.263 3
220.263 4
220.357 2
220.357 1
220.45 2
220.45 1
220.544 4
220.591 3
220.638 2
220.685 1
220.732 4
220.732 3
220.825 4
220.825 3
220.919 1
220.966 2
221.013 4
221.013 3
221.107 1
221.153 2
221.2 4
221.2 3
221.294 1
221.341 2
221.388 3
221.435 4
221.482 2
221.482 1
221.575 4
221.575 3
221.669 2
221.669 1
221.763 4
221.81 3
221.857 2
221.857 1
221.95 3
221.95 4
222.044 2
222.044 1
222.138 4
222.185 3
222.232 2
222.232 1
222.325 3
222.325 4
222.419 2
222.419 1
222.513 4
222.56 3
222.607 2
222.607 1
222.7 3
222.7 4
222.794 2
222.794 1
222.888 3
222.888 4
222.982 1
223.028 2
223.075 3
223.122 4
223.169 2
223.216 1
223.263 4
223.31 3
223.357 2
223.403 1
223.45 3
223.497 4
223.544 1
223.591 2
223.638 3
223.685 4
223.732 1
223.732 2
223.919 1
223.919 3
224.013 4
224.013 2
224.107 3
224.107 4
224.294 3
224.294 4
224.482 2
224.482 1
224.482 4
224.575 3
224.669 4
224.763 1
224.857 2
224.95 3
225.067 4
225.161 1
225.278 2
225.372 3
225.466 4
225.56 1
225.677 2
225.794 3
225.888 4
225.982 1
226.099 2
226.216 3
226.31 4
226.427 1
226.544 2
226.661 3
226.778 4
226.872 1
226.989 2
227.107 3
227.224 4
227.341 1
227.482 2
227.599 3
227.739 4
227.857 1
227.974 2
228.114 3
228.255 4
228.372 1
228.513 2
228.653 3
228.794 4
228.935 1
229.075 2
229.239 3
229.38 4
229.544 1
229.708 2
229.872 3
230.036 4
230.2 1
230.388 2
230.575 3
230.739 4
230.927 1
231.138 2
231.325 3
231.536 4
231.747 1
231.982 2
232.239 3
232.497 4
232.755 1
233.036 2
233.364 3
233.692 4
234.067 1
234.489 2
234.958 3
235.427 4
235.896 3
235.896 4
236.364 3
236.364 4
236.833 3
236.833 4
237.302 3
237.302 4
237.771 3
237.771 4
238.225 3
238.225 4
238.342 2
238.4 1
238.517 3
238.576 2
238.723 3
238.723 4
238.928 2
238.986 1
239.191 4
239.191 3
239.25 1
239.484 2
239.543 1
239.66 4
239.66 3
239.865 3
239.924 2
240.158 4
240.158 3
240.217 1
240.451 3
240.51 2
240.598 4
240.598 3
240.803 1
240.861 2
241.066 1
241.066 4
241.125 3
241.535 1
241.535 4
241.594 3
241.74 1
241.799 2
241.975 1
241.975 4
242.033 3
242.267 2
242.326 3
242.473 4
242.473 1
242.678 1
242.736 2
242.912 1
242.912 4
242.971 3
243.205 2
243.264 3
243.381 4
243.381 1
243.615 2
243.674 1
243.85 3
243.85 4
243.908 1
244.201 3
244.26 2
244.318 1
244.318 4
244.553 1
244.611 3
244.787 2
244.787 4
244.846 3
244.963 1
245.021 2
245.256 4
245.256 2
245.314 1
245.432 3
245.49 2
245.725 4
245.725 1
245.725 3
245.783 2
245.842 3
245.9 4
245.959 2
246.017 3
246.076 4
246.076 2
246.076 1
246.193 1
246.31 2
246.428 4
246.428 3
246.428 1
246.545 4
246.662 1
246.662 2
246.662 3
246.779 4
246.896 2
247.014 4
247.014 3
247.014 1
247.131 2
247.248 1
247.365 2
247.365 4
247.365 3
247.482 3
247.6 1
247.6 2
247.6 4
247.658 3
247.717 2
247.775 1
247.834 4
247.892 3
247.951 4
247.951 1
247.951 2
248.068 3
248.185 1
248.303 2
248.303 3
248.303 4
248.42 2
248.537 1
248.537 3
248.537 4
248.654 2
248.771 4
248.889 1
248.889 2
248.889 3
249.006 4
249.123 3
249.24 1
249.24 4
249.24 2
249.357 2
249.475 4
249.475 1
249.475 3
249.533 2
249.592 3
249.65 4
249.709 2
249.709 1
249.826 4
249.826 3
249.943 1
249.943 2
250.06 3
250.06 4
250.178 2
250.178 1
250.295 3
250.295 4
250.412 1
250.412 2
250.529 3
250.529 4
250.646 2
250.646 1
250.764 3
250.764 4
250.881 1
250.881 2
250.998 3
250.998 4
251.115 1
251.115 2
251.232 3
251.232 4
251.35 2
251.35 1
251.408 4
251.467 3
251.525 2
251.584 1
251.642 4
251.701 3
251.76 1
251.818 2
251.877 3
251.935 4
251.994 1
252.053 2
252.111 4
252.17 3
252.228 2
252.287 1
252.346 4
252.404 3
252.463 2
252.521 1
252.521 4
252.58 3
252.639 2
252.697 1
252.756 4
252.756 3
252.814 2
252.873 1
252.932 3
252.99 4
252.99 1
252.99 2
253.225 1
253.225 4
253.225 3
253.283 2
253.342 3
253.4 4
253.459 1
253.517 2
253.576 3
253.635 4
253.693 1
253.693 2
253.81 3
253.928 1
253.928 4
254.006 2
254.084 3
254.162 1
254.162 4
254.24 2
254.318 3
254.396 1
254.396 2
254.475 4
254.553 3
254.631 1
254.631 2
254.748 4
254.748 3
254.865 2
254.865 1
254.943 4
255.021 3
255.1 1
255.1 4
255.1 2
255.158 3
255.217 2
255.275 1
255.334 4
255.392 3
255.451 2
255.51 1
255.568 4
255.568 3
255.685 2
255.803 4
255.803 1
255.881 3
255.959 2
256.037 1
256.037 4
256.115 3
256.193 2
256.271 4
256.271 3
256.389 1
256.389 2
256.506 4
256.506 3
256.506 1
256.623 2
256.74 3
256.74 4
256.975 2
256.975 1
257.033 3
257.092 2
257.15 1
257.209 4
257.267 3
257.326 2
257.385 1
257.443 3
257.443 4
257.56 2
257.678 1
257.678 4
257.756 3
257.834 2
257.912 1
257.912 4
257.99 3
258.068 2
258.146 3
258.146 4
258.225 1
258.303 2
258.381 3
258.381 4
258.498 2
258.498 1
258.615 4
258.615 3
258.693 1
258.771 2
258.85 3
258.85 1
258.85 4
258.908 2
258.967 3
259.025 4
259.084 1
259.142 2
259.201 3
259.26 4
259.318 2
259.318 1
259.435 3
259.553 4
259.553 1
259.67 2
259.787 3
259.787 4
259.865 1
259.943 3
260.021 1
260.021 2
260.139 3
260.139 4
260.256 2
260.256 1
260.334 4
260.412 2
260.49 3
260.49 4
260.568 1
260.646 2
260.725 1
260.725 4
260.725 3
260.783 2
260.842 3
260.9 4
260.959 2
261.017 3
261.076 1
261.135 2
261.193 4
261.193 3
261.31 1
261.31 2
261.428 1
261.428 4
261.506 2
261.584 3
261.662 1
261.662 4
261.74 2
261.818 3
261.896 1
261.896 2
261.975 4
262.053 3
262.131 1
262.131 2
262.248 4
262.248 3
262.365 2
262.365 1
262.443 4
262.521 3
262.6 1
262.6 4
262.6 2
262.658 3
262.717 2
262.775 1
262.834 3
262.892 2
262.951 4
263.01 3
263.068 2
263.068 1
263.185 4
263.185 3
263.303 4
263.303 1
263.381 3
263.459 2
263.537 1
263.537 4
263.615 3
263.693 2
263.771 4
263.771 3
263.889 1
263.889 2
264.006 4
264.006 3
264.006 1
264.123 2
264.24 4
264.24 3
264.475 1
264.475 4
264.533 3
264.592 1
264.592 2
264.65 4
264.709 3
264.767 2
264.826 1
264.826 4
264.885 3
264.943 2
265.002 1
265.06 3
265.06 4
265.178 1
265.178 2
265.256 4
265.334 3
265.412 1
265.412 2
265.49 4
265.568 2
265.646 4
265.646 3
265.764 1
265.764 2
265.881 3
265.881 4
265.959 1
266.037 3
266.115 1
266.115 2
266.232 3
266.232 4
266.35 2
266.408 1
266.467 3
266.525 4
266.584 1
266.642 2
266.701 3
266.76 4
266.818 2
266.818 1
266.935 2
266.935 1
267.053 3
267.053 4
267.17 4
267.17 3
267.287 2
267.287 1
267.521 3
267.521 4
267.756 2
267.834 4
267.912 1
267.99 3
268.068 2
268.146 4
268.225 1
268.225 2
268.225 3
268.283 4
268.342 3
268.4 1
268.459 2
268.517 3
268.576 4
268.576 1
268.576 2
268.635 3
268.693 4
268.752 2
268.81 3
268.869 1
268.928 2
268.928 3
268.928 4
269.006 1
269.084 3
269.162 1
269.162 2
269.162 4
269.279 3
269.279 4
269.396 1
269.396 2
269.475 4
269.553 3
269.631 4
269.631 2
269.631 1
269.748 3
269.748 4
269.865 1
269.865 2
269.943 3
270.021 1
270.1 2
270.1 3
270.1 4
270.158 1
270.217 2
270.275 4
270.334 3
270.392 2
270.451 3
270.451 4
270.451 1
270.51 2
270.568 1
270.627 3
270.685 2
270.744 4
270.803 1
270.803 2
270.803 3
270.881 4
270.959 2
271.037 1
271.037 3
271.037 4
271.154 2
271.154 1
271.271 3
271.271 4
271.389 2
271.389 1
271.506 1
271.506 3
271.506 4
271.623 2
271.74 3
271.74 1
271.975 3
271.975 2
272.033 4
272.092 3
272.15 1
272.209 3
272.267 2
272.326 1
272.326 3
272.326 4
272.385 2
272.443 1
272.502 3
272.56 2
272.619 4
272.678 1
272.678 2
272.678 3
272.756 4
272.834 3
272.912 4
272.912 2
272.912 1
273.029 4
273.029 3
273.146 2
273.146 1
273.225 4
273.303 3
273.381 1
273.381 2
273.381 4
273.498 4
273.498 3
273.615 2
273.615 1
273.693 3
273.771 1
273.85 4
273.85 3
273.85 2
273.908 1
273.967 2
274.025 4
274.084 2
274.142 3
274.201 1
274.201 2
274.201 4
274.26 3
274.318 4
274.377 2
274.435 3
274.494 1
274.553 2
274.553 3
274.553 4
274.631 1
274.709 2
274.787 1
274.787 3
274.787 4
274.904 2
274.904 1
275.021 4
275.021 3
275.139 1
275.139 2
275.256 3
275.256 4
275.49 1
275.49 2
275.725 3
275.725 4
275.782 1
275.84 2
275.898 4
275.955 3
276.013 2
276.071 1
276.071 4
276.128 3
276.186 2
276.186 1
276.244 4
276.301 3
276.359 1
276.417 2
276.475 3
276.532 4
276.532 1
276.59 2
276.648 3
276.702 4
276.757 2
276.757 1
276.811 3
276.866 4
276.92 1
276.975 2
277.029 3
277.084 4
277.084 1
277.138 2
277.193 3
277.248 4
277.302 1
277.357 2
277.411 3
277.466 4
277.52 2
277.52 1
277.573 3
277.626 4
277.679 2
277.732 1
277.785 4
277.838 3
277.891 2
277.944 1
277.944 4
277.997 3
278.05 1
278.05 2
278.103 4
278.156 3
278.209 2
278.262 4
278.262 1
278.315 3
278.368 2
278.419 1
278.47 3
278.521 4
278.572 2
278.623 1
278.674 3
278.725 2
278.776 4
278.776 1
278.827 3
278.878 2
278.929 4
278.98 1
278.98 2
279.031 4
279.031 3
279.082 2
279.082 1
279.133 4
279.133 3
279.184 1
279.233 2
279.282 3
279.332 4
279.381 1
279.43 2
279.48 4
279.529 3
279.578 2
279.628 1
279.677 4
279.726 3
279.776 1
279.825 2
279.874 3
279.924 4
279.973 1
280.019 2
280.066 4
280.113 3
280.16 2
280.207 1
280.254 3
280.301 4
280.348 1
280.394 2
280.441 3
280.488 4
280.535 1
280.582 2
280.629 4
280.676 3
280.723 1
280.769 2
280.816 3
280.863 4
280.91 1
280.957 2
281.004 3
281.051 4
281.098 2
281.144 1
281.191 3
281.238 2
281.285 4
281.332 3
281.379 2
281.426 1
281.473 4
281.519 3
281.566 2
281.613 1
281.66 4
281.707 3
281.754 2
281.801 1
281.848 3
281.848 4
282.035 2
282.035 1
282.223 1
282.223 3
282.285 2
282.348 3
282.41 4
282.473 1
282.535 2
282.598 3
282.598 4
282.66 1
282.723 2
282.785 3
282.785 4
282.848 1
282.91 2
282.973 4
282.973 3
283.035 1
283.098 2
283.16 3
283.16 4
283.223 1
283.285 3
283.348 1
283.348 2
283.441 4
283.441 3
283.535 2
283.535 1
283.598 4
283.66 3
283.723 1
283.723 4
283.723 2
283.785 3
283.848 2
283.91 1
283.973 4
284.035 3
284.098 2
284.098 1
284.16 4
284.223 3
284.285 2
284.285 1
284.348 4
284.41 3
284.473 1
284.473 2
284.566 3
284.566 4
284.66 1
284.66 2
284.754 4
284.754 3
284.848 1
284.848 2
284.941 4
285.035 1
285.035 3
285.129 4
285.223 1
285.223 2
285.285 4
285.348 3
285.41 1
285.473 2
285.535 3
285.598 1
285.598 4
285.66 2
285.723 3
285.785 2
285.785 1
285.848 4
285.91 3
285.973 1
285.973 2
286.035 4
286.098 2
286.16 4
286.16 3
286.254 2
286.254 1
286.348 4
286.348 3
286.441 2
286.441 1
286.535 4
286.535 3
286.598 2
286.66 4
286.723 1
286.723 2
286.723 3
286.785 4
286.848 3
286.91 1
286.973 2
287.035 3
287.098 4
287.098 1
287.16 2
287.223 3
287.285 4
287.348 2
287.41 1
287.473 3
287.473 4
287.566 2
287.66 3
287.66 1
287.754 2
287.848 3
287.848 4
287.941 1
288.035 2
288.035 4
288.129 1
288.223 3
288.223 4
288.285 1
288.348 2
288.41 3
288.41 4
288.473 2
288.473 1
288.535 3
288.535 4
288.598 2
288.598 1
288.66 4
288.723 3
288.785 1
288.785 2
288.848 4
288.91 3
288.973 1
288.973 4
289.035 2
289.098 4
289.16 1
289.16 2
289.223 3
289.285 1
289.348 3
289.348 4
289.441 2
289.441 1
289.535 4
289.535 3
289.598 1
289.66 3
289.723 4
289.723 1
289.723 2
289.785 3
289.848 2
289.91 1
289.973 4
290.035 3
290.098 2
290.098 1
290.16 4
290.223 3
290.285 1
290.285 4
290.348 2
290.41 3
290.473 2
290.473 1
290.566 4
290.566 3
290.66 2
290.66 1
290.754 4
290.754 3
290.848 1
290.848 2
290.941 4
291.035 3
291.035 1
291.129 4
291.223 2
291.223 1
291.285 4
291.348 3
291.41 2
291.41 1
291.504 3
291.504 4
291.598 1
291.598 2
291.66 4
291.723 3
291.785 1
291.785 2
291.785 4
291.879 3
291.973 2
291.973 1
291.973 4
292.066 3
292.16 2
292.254 4
292.254 1
292.254 3
292.348 2
292.441 4
292.535 2
292.535 3
292.535 1
292.629 4
292.723 3
292.816 1
292.816 2
292.816 4
292.91 3
292.973 1
293.035 2
293.098 1
293.098 3
293.098 4
293.191 2
293.285 4
293.379 1
293.379 3
293.379 2
293.473 4
293.566 1
293.566 2
293.66 3
293.66 4
293.754 1
293.754 2
293.848 4
293.848 3
293.941 2
294.035 1
294.035 4
294.129 3
294.223 1
294.223 4
294.223 2
294.41 1
294.41 4
294.41 3
294.598 1
294.598 3
294.598 4
294.66 2
294.723 3
294.785 4
294.848 2
294.91 3
294.973 1
294.973 2
295.035 4
295.098 2
295.16 3
295.16 4
295.223 1
295.285 2
295.348 3
295.348 4
295.441 1
295.441 2
295.535 3
295.535 4
295.598 1
295.66 3
295.723 4
295.723 2
295.723 1
295.785 3
295.848 2
295.91 1
295.973 3
296.035 2
296.098 4
296.098 3
296.16 1
296.223 3
296.285 2
296.285 1
296.348 4
296.41 3
296.473 1
296.473 2
296.566 4
296.566 3
296.66 1
296.66 2
296.754 3
296.754 4
296.848 1
296.848 2
296.848 4
296.941 3
297.035 1
297.035 4
297.129 2
297.223 3
297.223 4
297.223 1
297.41 2
297.41 1
297.598 2
297.598 3
297.66 4
297.723 3
297.785 1
297.848 2
297.91 3
297.973 4
297.973 1
298.066 2
298.066 3
298.16 1
298.16 4
298.254 3
298.254 2
298.348 4
298.41 1
298.473 4
298.535 2
298.598 3
298.66 1
298.723 4
298.723 3
298.785 2
298.848 1
298.91 3
298.91 4
298.973 2
299.035 4
299.098 1
299.098 2
299.16 4
299.223 3
299.285 2
299.348 4
299.41 3
299.473 4
299.473 1
299.473 2
299.66 3
299.66 4
299.754 1
299.754 2
299.848 4
299.848 3
299.91 2
299.973 1
300.035 3
300.098 2
300.16 4
300.223 1
300.223 2
300.223 3
300.285 4
300.348 3
300.41 2
300.473 1
300.535 3
300.535 4
300.598 2
300.66 1
300.723 3
300.785 1
300.785 4
300.848 2
300.91 3
300.973 4
300.973 2
300.973 1
301.035 3
301.098 2
301.16 4
301.223 3
301.285 1
301.285 2
301.348 4
301.41 2
301.473 3
301.535 1
301.535 4
301.598 2
301.66 3
301.723 4
301.723 2
301.723 1
301.785 3
301.848 2
301.91 4
301.973 3
302.035 2
302.035 1
302.098 4
302.16 3
302.223 1
302.223 2
302.285 3
302.285 4
302.348 1
302.41 2
302.473 4
302.473 3
302.566 3
302.566 4
302.66 2
302.66 1
302.754 2
302.754 1
302.848 3
302.848 4
302.91 1
302.973 2
303.035 4
303.035 3
303.098 1
303.16 3
303.223 1
303.223 2
303.285 4
303.348 3
303.41 1
303.473 2
303.535 4
303.598 3
303.66 2
303.723 1
303.785 4
303.832 3
303.879 2
303.926 1
303.973 4
304.019 3
304.066 2
304.113 1
304.16 4
304.223 3
304.285 1
304.348 2
304.41 3
304.473 4
304.535 1
304.582 2
304.629 3
304.676 4
304.723 1
304.816 3
304.91 2
305.004 4
305.098 1
305.191 2
305.285 4
305.285 3
305.348 1
305.41 2
305.473 4
305.473 3
305.535 1
305.598 3
305.66 2
305.66 1
305.723 4
305.785 3
305.848 1
305.894 2
305.941 3
305.988 4
306.035 1
306.082 2
306.129 3
306.176 4
306.223 1
306.223 2
306.223 3
306.504 4
306.598 3
306.879 2
306.973 1
306.973 4
307.16 3
307.254 1
307.348 4
307.348 3
307.629 2
307.723 4
307.723 3
308.004 1
308.098 2
308.098 4
308.285 1
308.285 2
308.379 4
308.379 3
308.473 2
308.473 1
308.66 3
308.66 4
308.754 2
308.848 1
308.848 4
308.941 3
309.035 2
309.035 1
309.129 4
309.223 2
309.223 3
309.41 1
309.41 4
309.785 3
309.879 2
309.973 4
309.973 1
310.16 2
310.16 1
310.254 3
310.348 1
310.348 4
310.441 2
310.535 4
310.535 3
310.629 1
310.723 2
310.723 4
311.16 4
311.379 2
311.473 1
311.473 3
311.66 4
311.66 3
311.754 1
311.754 2
311.848 4
311.848 3
311.941 2
311.941 1
312.035 3
312.035 4
312.129 1
312.129 2
312.223 4
312.223 3
312.598 2
312.973 3
313.348 1
313.723 4
314.098 2
314.473 3
314.848 1
315.223 4
315.598 2
315.973 3
316.348 1