0.578 3
0.794 1
0.794 4
1.01 4
1.225 1
1.225 2
1.441 2
1.549 3
1.657 2
1.873 1
2.089 4
2.52 4
2.952 1
3.384 2
3.6 1
3.707 4
3.815 1
4.031 3
4.247 4
4.463 3
4.679 2
4.895 4
5.11 1
5.326 3
5.542 4
5.974 3
6.405 2
6.837 2
7.053 4
7.161 1
7.269 3
7.484 2
7.7 1
7.916 2
8.132 3
8.564 1
8.564 3
9.427 1
9.427 4
10.29 4
10.29 2
11.154 3
11.154 4
11.585 1
11.585 3
12.017 2
12.017 4
12.88 1
12.88 4
13.743 3
13.743 4
14.553 1
14.607 4
14.715 2
15.038 4
15.146 1
15.254 3
15.47 4
15.686 2
15.902 3
16.118 2
16.333 4
16.549 1
16.765 3
16.981 2
17.197 1
17.197 4
17.628 1
17.628 4
18.06 1
18.06 4
18.492 1
18.492 4
18.923 2
19.031 3
19.139 4
19.247 3
19.355 2
19.463 1
19.571 2
19.679 3
19.787 4
19.787 1
20.218 1
20.218 4
20.434 2
20.434 3
20.65 1
20.758 3
20.866 1
21.082 4
21.297 1
21.513 4
21.729 1
21.945 2
22.161 4
22.377 2
22.592 4
22.808 2
23.024 4
23.24 1
23.348 4
23.564 4
23.672 1
23.887 2
24.103 3
24.319 4
24.535 2
24.751 4
24.966 4
25.074 2
25.182 3
25.29 1
25.398 3
25.614 2
25.83 1
25.83 4
26.154 4
26.154 2
26.477 3
26.477 1
26.693 1
26.693 4
27.556 1
27.772 4
27.88 2
27.988 3
28.096 4
28.312 3
28.528 3
28.636 1
28.851 2
29.067 3
29.283 1
29.715 4
29.823 3
30.038 4
30.254 1
30.362 3
30.578 4
30.794 3
31.01 2
31.225 3
31.441 2
31.765 4
31.981 2
32.197 1
32.305 3
32.736 1
32.952 1
33.168 1
33.492 3
33.707 4
33.815 3
34.031 1
34.247 4
34.463 1
34.571 3
34.679 2
34.787 4
34.895 1
35.002 3
35.218 2
35.434 1
35.542 3
35.758 1
35.974 3
36.189 4
36.405 1
36.621 3
36.729 1
36.945 4
37.161 4
37.269 2
37.484 1
37.7 3
37.916 1
38.132 1
38.348 1
38.672 4
38.779 2
38.995 4
39.211 4
39.535 2
39.643 1
39.643 4
40.074 1
40.074 4
40.506 2
40.506 4
41.369 1
41.369 4
41.67 2
41.972 2
42.273 3
43.178 1
43.781 3
44.082 3
44.987 1
44.987 4
45.59 2
45.891 3
46.494 2
46.796 1
47.097 4
47.248 3
47.399 2
47.549 3
47.7 4
48.002 3
48.303 2
48.605 1
49.509 3
50.414 4
51.318 1
51.752 3
51.968 1
52.184 4
52.399 3
52.399 2
52.723 2
52.831 1
52.831 4
53.047 2
53.263 4
53.263 3
53.586 2
53.694 1
53.694 4
53.91 1
54.126 2
54.126 4
54.45 1
54.558 2
54.558 4
54.773 1
54.989 3
54.989 4
55.313 2
55.421 1
55.421 4
55.637 1
55.853 2
55.853 4
56.068 3
56.284 1
56.284 2
56.5 1
56.5 3
56.716 2
56.716 3
56.932 1
56.932 4
57.148 2
57.148 3
57.363 2
57.579 1
57.579 4
57.795 2
57.795 3
58.011 1
58.011 4
58.227 2
58.227 3
59.09 1
59.09 4
59.306 1
59.306 2
59.63 2
59.737 4
59.737 1
59.953 2
60.169 3
60.169 1
60.493 1
60.601 3
60.601 4
60.817 2
61.032 2
61.032 4
61.356 1
61.464 3
61.464 4
61.68 3
61.896 1
61.896 3
62.219 1
62.327 3
62.327 4
62.543 1
62.759 4
63.191 1
63.191 4
63.407 2
63.622 4
64.054 1
64.054 3
64.27 2
64.486 4
64.809 3
64.917 1
65.133 4
65.241 3
65.349 2
65.565 1
65.673 2
65.781 3
65.996 1
65.996 4
66.212 2
66.428 1
66.536 4
66.752 3
66.86 1
66.968 4
67.183 2
67.291 4
67.399 3
67.615 1
67.723 4
67.723 3
68.155 1
68.155 4
68.586 2
69.018 3
69.234 1
69.45 4
69.666 1
69.666 3
70.097 1
70.097 4
70.313 2
70.313 3
70.529 1
70.529 4
70.96 1
70.96 4
71.176 2
71.392 3
71.608 2
71.716 4
71.824 2
72.04 1
72.148 2
72.255 3
72.471 3
72.687 1
72.795 4
72.903 1
72.903 2
73.119 3
73.335 2
73.766 1
73.982 4
74.198 2
74.63 1
74.737 3
74.845 2
74.953 4
75.061 2
75.277 3
75.493 1
75.601 2
75.709 3
75.925 4
76.032 3
76.14 2
76.356 1
76.356 4
77.004 3
77.219 1
77.219 2
77.651 1
77.651 4
78.083 1
78.083 4
78.299 2
78.514 3
78.73 4
78.946 4
79.162 3
79.378 2
79.594 1
79.809 4
79.917 3
80.025 2
80.133 4
80.241 2
80.457 4
80.673 2
80.673 3
80.889 2
80.889 1
81.104 1
81.104 4
81.32 4
81.392 3
81.464 2
81.536 1
81.968 3
82.399 4
82.831 1
83.263 3
83.694 1
84.126 2
84.558 3
84.989 4
84.989 1
86.284 1
86.716 2
86.716 4
86.932 1
87.04 4
87.363 3
87.579 1
87.579 4