0.265 4
0.265 1
0.411 3
0.557 2
0.704 4
0.85 3
0.996 2
1.143 4
1.289 3
1.435 1
1.582 3
1.728 2
1.874 1
2.021 4
2.167 2
2.313 3
2.46 1
2.606 4
2.752 3
2.899 2
3.045 4
3.191 2
3.338 1
3.484 3
3.63 2
3.777 1
3.923 3
4.069 4
4.216 2
4.508 1
4.508 4
4.655 1
4.655 4
4.801 4
4.801 1
4.801 2
4.947 3
5.094 1
5.094 4
5.24 2
5.24 4
5.386 3
5.533 1
5.679 4
5.679 2
5.825 1
5.825 3
5.972 4
6.118 3
6.118 1
6.264 2
6.411 1
6.411 4
6.557 3
6.704 1
6.85 2
6.85 4
6.996 3
6.996 1
7.143 2
7.289 4
7.289 1
7.435 1
7.582 2
7.582 3
7.728 4
7.874 1
8.021 2
8.021 3
8.167 1
8.167 4
8.313 2
8.46 3
8.46 1
8.606 4
8.752 3
8.752 2
8.899 4
8.899 1
9.045 3
9.191 4
9.191 2
9.338 3
9.338 1
9.484 2
9.63 1
9.63 4
9.63 3
9.777 2
9.923 1
9.923 4
10.069 3
10.216 2
10.362 1
10.362 4
10.508 2
10.508 4
10.655 3
10.801 2
10.801 1
10.947 4
11.094 3
11.094 2
11.24 1
11.386 3
11.533 4
11.533 2
11.679 1
11.679 4
11.825 1
11.972 2
11.972 3
11.972 4
12.118 3
12.264 2
12.264 1
12.264 4
12.411 4
12.557 3
12.557 2
12.557 1
12.704 2
12.85 1
12.85 3
12.85 4
12.996 3
13.143 2
13.143 1
13.143 4
13.289 3
13.289 4
13.289 1
13.435 1
13.435 2
13.435 3
13.582 2
13.582 3
13.582 4
13.728 1
13.728 2
13.728 4
13.801 3
13.874 2
13.947 1
14.313 2
14.313 4
14.46 1
14.606 3
14.752 1
14.752 2
14.899 4
15.045 2
15.191 4
15.338 1
15.484 4
15.63 2
15.777 4
15.923 1
16.069 3
16.216 2
16.362 3
16.508 1
16.655 2
16.655 4
16.801 3
16.947 2
17.094 1
17.094 4
17.24 3
17.386 2
17.533 1
17.679 3
17.825 1
17.972 4
18.118 2
18.264 3
18.411 1
18.557 4
18.704 2
18.85 3
18.996 1
18.996 2
19.143 4
19.289 1
19.435 3
19.435 4
19.582 2
19.728 4
19.874 1
20.021 2
20.167 3
20.313 1
20.46 4
20.606 2
20.752 3
20.899 2
21.045 1
21.191 3
21.338 1
21.338 4
21.484 2
21.63 3
21.777 1
21.777 2
21.923 4
22.508 3
23.094 1
23.386 4
23.386 2
23.679 3
23.679 4
23.679 1
23.972 2
23.972 4
24.118 3
24.264 1
24.411 2
24.411 3
24.557 1
24.557 2
24.557 4
24.704 4
24.85 3
24.85 1
24.996 2
25.143 3
25.143 4
25.143 1
25.289 4
25.435 2
25.582 4
25.582 1
25.728 2
25.728 1
25.728 3
25.874 3
26.021 2
26.021 1
26.167 4
26.313 2
26.313 1
26.313 4
26.46 3
26.606 1
26.752 2
26.752 4
26.899 3
26.899 4
26.899 1
27.045 2
27.191 3
27.191 4
27.338 1
27.484 2
27.484 3
27.484 4
27.63 1
27.63 4
27.777 3
27.923 2
27.923 1
28.069 4
28.069 3
28.069 1
28.216 4
28.362 3
28.362 2
28.362 1
28.508 2
28.655 3
28.655 4
28.801 1
28.947 2
29.094 4
29.094 1
29.24 3
29.24 1
29.24 4
29.386 2
29.533 3
29.533 4
29.679 1
29.825 2
29.825 3
29.825 4
29.972 4
30.118 1
30.264 2
30.264 3
30.411 3
30.411 4
30.411 1
30.557 4
30.704 3
30.704 2
30.704 1
30.996 1
30.996 4
30.996 2
31.143 3
31.289 1
31.435 2
31.435 4
31.582 3
31.582 1
31.582 4
31.874 1
31.874 2
31.874 4
32.021 3
32.167 4
32.167 2
32.313 1
32.313 3
32.46 2
32.46 4
32.46 1
32.606 3
32.606 4
32.606 2
32.752 1
32.752 2
32.752 4
32.899 4
32.899 1
32.899 3
33.045 4
33.045 1
33.045 3
33.191 2
33.191 3
33.484 1
33.484 4
33.484 2
33.777 3
33.777 4
33.777 1
33.923 2
33.923 1
34.069 3
34.069 4
34.362 1
34.362 2
34.362 3
34.655 2
34.655 3
34.655 4
34.801 1
34.801 4
34.947 3
34.947 1
35.094 4
35.094 1
35.094 2
35.24 3
35.386 2
35.386 1
35.386 4
35.533 3
35.533 4
35.533 1
35.825 1
35.825 2
35.825 3
36.118 4
36.118 1
36.118 3
36.264 3
36.264 2
36.411 2
36.411 4
36.557 3
36.704 1
36.704 4
36.704 2
36.85 4
36.996 3
36.996 2
36.996 1
37.143 4
37.143 1
37.289 2
37.289 4
37.435 3
37.435 1
37.435 2
37.728 1
37.728 3
37.728 4
37.874 2
37.874 4
38.021 3
38.167 2
38.167 1
38.167 4
38.46 2
38.46 3
38.46 4
38.606 1
38.606 3
38.752 2
38.752 1
38.899 4
39.045 3
39.045 1
39.045 2
39.338 2
39.338 4
39.338 1
39.484 1
39.484 3
39.63 2
39.63 3
39.777 4
39.777 1
39.777 3
39.923 4
40.069 1
40.069 2
40.069 3
40.216 1
40.216 2
40.216 4
40.362 3
40.362 1
40.362 4
40.508 2
40.655 3
40.655 4
40.655 1
40.947 2
40.947 3
41.094 3
41.094 2
41.24 2
41.24 1
41.24 4
41.533 3
41.533 4
41.533 1
41.825 2
41.825 4
41.972 2
41.972 4
42.118 3
42.118 1
42.118 4
42.264 2
42.264 3
42.411 4
42.411 1
42.704 3
42.996 2
43.289 4
43.582 3
43.874 4
44.167 2
44.46 4
44.752 3
45.045 4
45.338 2
45.63 4
45.923 3
46.216 4
46.508 2
46.801 3
47.094 4
47.386 1
47.679 3
47.972 1
48.264 2
48.557 1
48.85 3
49.143 1
49.435 2
49.728 4
50.021 1
50.313 4
51.63 1
51.63 3
51.63 4
51.923 2
51.923 4
52.069 3
52.069 1
52.069 4
52.216 2
52.362 4
52.362 1
52.508 2
52.508 4
52.655 3
52.655 1
52.655 4
52.801 2
52.801 1
53.094 1
53.094 2
53.24 3
53.24 4
53.24 1
53.386 2
53.533 1
53.533 4
53.679 3
53.679 2
53.825 2
53.825 4
53.825 1
53.972 3
53.972 4
53.972 1
54.264 2
54.264 4
54.411 3
54.411 1
54.411 4
54.557 1
54.704 2
54.704 3
54.85 1
54.85 2
54.996 3
54.996 4
55.143 1
55.143 2
55.435 3
55.435 1
55.582 1
55.582 4
55.582 2
55.874 2
55.874 3
56.021 4
56.167 3
56.167 1
56.46 1
56.46 2
56.46 4
56.606 3
56.752 2
56.752 4
56.752 1
56.899 1
57.045 3
57.045 4
57.191 2
57.338 1
57.338 4
57.338 3
57.484 3
57.63 2
57.63 4
57.777 1
57.923 2
57.923 3
57.923 4
58.069 4
58.216 1
58.216 2
58.362 3
58.508 4
58.508 1
58.508 2
58.582 3
58.655 2
58.728 1
58.801 2
58.801 4
58.801 3
58.947 3
59.094 1
59.094 4
59.094 2
59.24 3
59.386 2
59.386 4
59.533 3
59.679 4
59.679 1
59.679 2
59.825 4
59.972 3
59.972 2
60.118 1
60.264 2
60.264 4
60.264 3
60.411 3
60.557 2
60.557 1
60.704 3
60.704 4
60.85 2
60.85 1
60.996 1
60.996 3
60.996 4
61.069 2
61.143 3
61.216 4
61.289 2
61.289 1
61.435 3
61.435 4
61.435 1
61.582 2
61.728 4
61.728 3
61.874 4
61.874 3
62.021 1
62.021 2
62.021 4
62.167 1
62.167 3
62.46 1
62.46 4
62.606 2
62.606 1
62.606 3
62.752 4
62.899 1
62.899 3
63.045 4
63.045 2
63.191 1
63.191 4
63.191 3
63.338 1
63.338 2
63.338 4
63.484 3
63.63 4
63.63 1
63.777 1
63.777 3
63.777 4
63.923 2
64.069 1
64.069 4
64.216 1
64.216 3
64.362 2
64.362 1
64.362 4
64.508 3
64.508 2
64.801 2
64.801 3
64.947 1
64.947 4
65.24 3
65.24 2
65.386 1
65.533 2
65.533 4
65.679 1
65.825 4
65.825 1
65.825 3
65.972 2
66.118 3
66.118 4
66.118 1
66.264 1
66.411 2
66.411 4
66.557 3
66.704 2
66.704 1
66.704 4
66.777 3
66.85 2
66.996 3
66.996 1
67.143 2
67.289 3
67.289 4
67.289 1
67.435 1
67.582 2
67.582 4
67.728 3
67.874 2
67.874 1
67.874 4
68.021 1
68.167 2
68.167 3
68.167 4
68.313 2
68.46 4
68.46 3
68.46 1
68.606 2
68.679 3
68.752 4
68.752 1
68.899 2
69.045 3
69.045 4
69.191 3
69.191 4
69.338 1
69.338 4
69.411 2
69.484 3
69.484 4
69.557 2
69.63 3
69.63 1
69.704 2
69.704 4
69.777 1
69.777 3
69.85 2
69.923 3
69.923 4
69.996 1
69.996 2
70.069 3
70.069 4
70.143 1
70.143 2
70.216 3
70.216 4
70.289 1
70.362 2
70.435 3
70.508 4
70.508 1
70.508 2
70.655 3
70.655 2
70.801 4
70.801 1
70.801 3
70.947 2
70.947 1
71.094 4
71.24 2
71.24 3
71.386 2
71.386 1
71.386 4
71.533 3
71.533 1
71.679 2
71.825 3
71.825 4
71.972 2
71.972 1
71.972 4
72.118 3
72.118 2
72.264 1
72.338 2
72.411 3
72.411 4
72.557 2
72.557 1
72.557 4
72.704 3
72.996 2
72.996 4
73.143 1
73.143 3
73.143 4
73.289 2
73.289 3
73.435 1
73.582 4
73.582 2
73.728 3
73.728 1
73.728 4
73.874 2
73.874 3
74.167 4
74.167 3
74.313 2
74.313 1
74.313 4
74.46 3
74.46 1
74.606 2
74.752 4
74.752 1
74.899 1
74.899 4
74.899 3
75.045 2
75.191 3
75.191 4
75.191 1
75.338 4
75.338 2
75.484 3
75.484 1
75.484 4
75.63 1
75.63 2
75.777 4
75.923 3
75.923 1
76.069 2
76.069 4
76.216 3
76.216 4
76.362 1
76.362 2
76.362 4
76.508 3
76.508 1
76.582 2
76.655 3
76.655 4
76.801 1
76.801 2
76.947 3
76.947 1
76.947 4
77.094 2
77.094 4
77.24 3
77.24 4
77.386 1
77.386 2
77.533 2
77.533 1
77.533 4
77.679 3
77.679 2
77.825 2
77.825 3
77.972 2
77.972 1
78.118 3
78.118 4
78.264 3
78.264 4
78.411 1
78.411 4
78.557 3
78.557 1
78.704 3
78.704 1
78.777 2
78.85 3
78.923 2
78.996 1
78.996 4
79.069 3
79.143 2
79.216 3
79.289 1
79.289 4
79.362 3
79.435 2
79.508 3
79.582 2
79.582 1
79.728 3
79.728 4
79.728 1
79.874 2
80.021 2
80.021 3
80.167 3
80.167 4
80.167 1
80.313 1
80.46 4
80.606 2
80.606 3
80.752 1
80.752 2
80.752 4
80.899 3
81.045 1
81.045 2
81.191 3
81.338 1
81.338 4
81.338 2
81.484 3
81.63 2
81.777 3
81.777 4
81.923 4
81.923 2
81.923 1
82.069 1
82.216 2
82.216 3
82.216 4
82.362 4
82.362 2
82.362 1
82.508 3
82.508 2
82.508 1
82.655 3
82.655 4
82.655 1
82.801 2
82.801 1
82.801 4
82.874 3
82.947 2
82.947 1
82.947 4
83.021 3
83.094 4
83.094 2
83.094 1
83.24 2
83.24 3
83.386 2
83.386 1
83.533 4
83.679 1
83.825 3
83.972 2
84.118 1
84.264 4
84.411 3