0.639 1
0.639 3
0.639 4
0.72 2
0.802 3
0.883 4
0.965 1
0.965 2
0.965 3
1.047 4
1.128 1
1.21 3
1.291 1
1.291 2
1.291 4
1.373 3
1.454 1
1.536 2
1.617 1
1.617 3
1.617 4
1.699 2
1.78 4
1.862 3
1.943 1
1.943 2
1.943 4
2.025 3
2.106 2
2.188 1
2.269 2
2.269 3
2.269 4
2.351 1
2.432 4
2.514 1
2.595 2
2.595 3
2.595 4
2.677 1
2.758 2
2.84 3
2.921 1
2.921 2
2.921 4
3.003 3
3.085 1
3.166 2
3.248 1
3.248 3
3.248 4
3.329 2
3.411 3
3.492 4
3.574 1
3.574 2
3.574 3
3.655 4
3.737 1
3.818 3
3.9 1
3.9 2
3.9 4
3.981 3
4.063 2
4.144 4
4.226 1
4.226 2
4.226 3
4.307 4
4.389 1
4.47 2
4.552 1
4.552 3
4.552 4
4.633 2
4.715 3
4.796 4
4.878 1
4.878 2
4.878 3
4.959 4
5.041 1
5.123 3
5.204 1
5.204 2
5.286 3
5.367 1
5.367 2
5.449 3
5.53 1
5.53 2
5.53 4
5.612 3
5.693 1
5.693 2
5.693 4
5.775 3
5.856 1
5.856 2
5.856 4
5.938 3
6.019 1
6.019 2
6.101 4
6.182 1
6.182 2
6.182 3
6.264 4
6.345 3
6.427 2
6.508 1
6.508 3
6.508 4
6.59 2
6.671 3
6.753 4
6.834 1
6.834 2
6.834 3
6.916 4
6.998 1
7.079 3
7.161 1
7.161 2
7.161 4
7.242 3
7.324 2
7.405 1
7.487 2
7.487 3
7.487 4
7.568 1
7.65 4
7.731 2
7.813 1
7.813 3
7.813 4
7.894 2
7.976 3
8.057 4
8.139 1
8.139 2
8.139 3
8.22 4
8.302 1
8.383 3
8.465 1
8.465 2
8.465 4
8.546 3
8.628 2
8.709 3
8.791 1
8.791 2
8.791 4
8.872 3
8.954 2
9.036 1
9.117 2
9.117 3
9.117 4
9.199 1
9.28 4
9.362 2
9.443 1
9.443 3
9.443 4
9.525 2
9.606 3
9.688 4
9.769 1
9.769 2
9.769 3
9.851 4
9.932 1
9.932 2
9.932 3
10.014 1
10.014 2
10.095 3
10.177 1
10.177 2
10.177 4
10.258 3
10.34 2
10.421 1
10.421 3
10.421 4
10.503 3
10.503 4
10.584 2
10.666 3
10.666 4
10.747 1
10.747 2
10.829 3
10.829 4
10.91 1
10.91 2
10.992 3
10.992 4
11.074 1
11.074 2
11.155 3
11.237 1
11.237 4
11.318 3
11.4 1
11.4 2
11.4 4
11.481 3
11.563 1
11.563 2
11.644 4
11.726 1
11.726 2
11.726 3
11.807 4
11.889 1
11.889 2
11.97 3
12.052 1
12.052 2
12.052 4
12.133 3
12.215 1
12.215 4
12.296 2
12.378 1
12.378 3
12.378 4
12.459 2
12.541 3
12.541 4
12.622 1
12.704 2
12.704 3
12.704 4
12.785 1
12.867 3
12.867 4
12.949 2
13.03 1
13.03 3
13.03 4
13.112 2
13.193 1
13.193 4
13.275 3
13.356 1
13.356 2
13.356 4
13.438 3
13.519 1
13.519 2
13.601 4
13.682 1
13.682 2
13.682 3
13.764 4
13.845 1
13.845 2
13.927 3
14.008 1
14.008 2
14.008 4
14.09 3
14.171 1
14.171 4
14.253 2
14.334 1
14.334 3
14.334 4
14.416 2
14.497 3
14.497 4
14.579 1
14.66 2
14.66 3
14.66 4
14.742 1
14.823 3
14.823 4
14.905 2
14.987 1
14.987 3
14.987 4
15.068 2
15.15 1
15.15 4
15.231 3
15.313 1
15.313 2
15.313 4
15.394 3
15.476 1
15.476 2
15.557 3
15.639 1
15.639 2
15.639 4
15.72 3
15.802 1
15.802 2
15.802 4
15.883 3
15.965 1
15.965 4
16.046 2
16.046 3
16.128 1
16.128 4
16.209 2
16.209 3
16.291 1
16.291 4
16.372 2
16.454 3
16.454 4
16.535 1
16.617 2
16.617 3
16.617 4
16.698 1
16.78 3
16.78 4
16.861 1
16.943 2
16.943 3
16.943 4
17.025 1
17.106 3
17.106 4
17.188 2
17.269 1
17.269 3
17.269 4
17.351 2
17.432 1
17.432 4
17.514 3
17.595 1
17.595 2
17.595 4
17.677 3
17.758 1
17.758 2
17.84 4
17.921 1
17.921 2
17.921 3
18.003 4
18.084 1
18.084 2
18.166 3
18.247 1
18.247 2
18.247 4
18.329 3
18.41 1
18.41 4
18.492 2
18.573 1
18.573 3
18.573 4
18.655 2
18.736 3
18.736 4
18.818 1
18.899 2
18.899 3
18.899 4
18.981 1
19.063 3
19.063 4
19.144 2
19.226 1
19.226 3
19.226 4
19.307 2
19.389 1
19.389 4
19.47 3
19.552 1
19.552 2
19.552 4
19.633 3
19.715 1
19.715 2
19.796 4
19.878 1
19.878 2
19.878 3
19.959 4
20.041 1
20.041 2
20.122 3
20.204 1
20.204 2
20.204 4
20.285 1
20.285 2
20.367 3
20.367 4
20.448 3
20.448 4
20.53 1
20.53 2
20.611 1
20.611 2
20.693 3
20.693 4
20.774 3
20.774 4
20.856 1
20.856 2
20.937 3
21.019 1
21.019 2
21.101 3
21.101 4
21.182 1
21.182 2
21.264 3
21.264 4
21.345 1
21.345 2
21.427 3
21.427 4
21.508 1
21.508 2
21.562 3
21.617 4
21.671 1
21.753 2
21.834 1
21.834 3
21.834 4
21.916 2
21.997 3
22.079 1
22.16 2
22.16 3
22.242 4
22.323 1
22.405 2
22.486 1
22.486 3
22.486 4
22.541 2
22.595 3
22.649 1
22.731 2
22.812 3
22.812 4
22.867 1
22.921 2
22.975 3
23.057 4
23.139 1
23.139 2
23.139 3
23.22 4
23.302 2
23.383 3
23.465 1
23.465 4
23.519 2
23.573 3
23.628 4
23.709 2
23.791 1
23.791 3
23.791 4
23.845 2
23.899 3
23.954 1
24.035 2
24.117 3
24.117 4
24.171 2
24.225 1
24.28 4
24.361 3
24.443 1
24.443 2
24.443 4
24.497 3
24.552 2
24.606 1
24.687 2
24.769 3
24.769 4
24.85 1
24.878 3
24.932 2
24.986 4
25.014 1
25.095 2
25.095 3
25.149 4
25.204 1
25.258 2
25.34 3
25.421 1
25.421 4
25.475 2
25.53 3
25.584 2
25.666 4
25.747 1
25.747 2
25.747 3
25.829 4
25.91 3
25.992 2
26.073 3
26.073 4
26.155 1
26.155 2
26.236 3
26.236 4
26.318 1
26.318 2
26.399 3
26.399 4
26.481 1
26.481 2
26.562 3
26.562 4
26.644 1
26.644 2
26.725 3
26.725 4
26.78 2
26.834 1
26.889 4
26.97 3
27.052 1
27.052 2
27.052 4
27.133 3
27.215 2
27.296 1
27.378 2
27.378 3
27.459 4
27.541 1
27.595 2
27.649 3
27.704 1
27.704 2
27.704 4
27.758 3
27.812 1
27.867 2
27.921 4
27.975 3
28.03 1
28.03 2
28.084 4
28.139 3
28.193 2
28.274 1
28.356 3
28.356 4
28.437 2
28.519 1
28.519 4
28.6 2
28.6 3
28.682 1
28.682 4
28.736 3
28.791 2
28.845 1
28.927 3
29.008 1
29.008 2
29.008 4
29.062 3
29.117 1
29.171 2
29.253 3
29.334 1
29.334 4
29.389 2
29.443 3
29.497 4
29.579 2
29.66 1
29.66 3
29.66 4
29.715 2
29.769 3
29.823 4
29.878 1
29.932 2
29.986 3
30.041 2
30.095 1
30.149 4
30.204 3
30.258 2
30.312 1
30.312 3
30.312 4
30.367 2
30.421 4
30.475 3
30.557 2
30.639 3
30.639 4
30.72 1
30.72 2
30.802 3
30.802 4
30.883 1
30.883 2
30.965 3
30.965 4
31.046 1
31.128 2
31.209 3
31.291 1
31.291 2
31.291 4
31.372 3
31.454 2
31.535 1
31.535 4
31.617 2
31.617 3
31.698 1
31.698 4
31.78 2
31.78 3
31.861 1
31.861 4
31.943 2
31.943 3
31.997 1
32.052 4
32.106 3
32.187 2
32.269 1
32.269 3
32.269 4
32.35 2
32.432 3
32.514 1
32.595 2
32.595 3
32.677 4
32.758 1
32.84 2
32.921 1
32.921 3
32.921 4
32.975 2
33.03 3
33.084 4
33.166 1
33.247 3
33.247 4
33.302 2
33.356 1
33.41 4
33.492 3
33.573 1
33.573 2
33.573 4
33.655 3
33.736 1
33.818 2
33.899 3
33.954 4
34.008 1
34.062 4
34.117 3
34.171 2
34.225 1
34.225 3
34.225 4
34.28 2
34.334 3
34.388 1
34.443 2
34.497 3
34.551 1
34.551 4
34.633 2
34.714 3
34.714 4
34.796 2
34.877 1
34.877 3
34.877 4
34.959 2
35.041 1
35.041 4
35.122 3
35.204 1
35.204 2
35.204 4
35.285 3
35.367 1
35.367 2
35.448 3
35.53 1
35.53 2
35.53 4
35.611 3
35.693 2
35.774 1
35.856 2
35.856 3
35.856 4
35.937 1
36.019 2
36.1 3
36.182 1
36.182 2
36.182 4
36.263 3
36.345 2
36.426 1
36.508 3
36.508 4
36.589 2
36.671 3
36.671 4
36.752 1
36.752 2
36.834 3
36.834 4
36.915 1
36.915 2
36.997 3
36.997 4
37.078 1
37.078 2
37.16 3
37.16 4
37.242 2
37.323 1
37.323 4
37.405 3
37.486 1
37.486 2
37.486 4
37.568 3
37.649 1
37.649 2
37.731 3
37.812 1
37.812 2
37.812 4
37.894 3
37.975 1
37.975 4
38.057 2
38.138 1
38.138 3
38.138 4
38.22 2
38.301 3
38.301 4
38.383 2
38.464 1
38.464 3
38.546 4
38.627 1
38.627 2
38.709 3
38.79 1
38.79 2
38.79 4
38.872 3
38.953 1
38.953 2
39.035 4
39.116 1
39.116 2
39.116 3
39.198 4
39.28 1
39.28 2
39.361 3
39.443 1
39.443 4
39.524 2
39.606 1
39.606 4
39.687 2
39.687 3
39.769 1
39.769 4
39.932 1
39.932 2
39.932 3
40.176 3
40.176 4
40.258 1
40.258 2
40.312 3
40.366 4
40.421 2
40.475 3
40.529 4
40.584 1
40.584 2
40.638 3
40.692 2
40.747 4
40.801 3
40.855 2
40.91 1
40.91 4
40.964 3
41.019 2
41.073 1
41.154 3
41.236 1
41.236 2
41.236 4
41.48 2
41.48 3
41.562 1
41.562 4
41.616 2
41.671 3
41.725 4
41.779 2
41.834 3
41.888 1
41.888 4
41.942 2
41.997 3
42.051 2
42.105 1
42.16 4
42.214 2
42.214 3
42.268 1
42.323 4
42.377 1
42.377 2
42.377 3
42.459 4
42.54 1
42.54 2
42.54 3
42.785 1
42.785 2
42.866 3
42.866 4
42.921 1
42.975 2
43.029 3
43.084 4
43.138 2
43.192 3
43.192 4
43.247 1
43.301 2
43.355 3
43.41 4
43.464 3
43.518 1
43.518 2
43.573 4
43.627 3
43.681 2
43.763 1
43.844 2
43.844 3
43.844 4
44.007 2
44.17 1
44.17 4
44.252 2
44.252 3
44.333 1
44.333 4
44.415 2
44.415 3
44.497 1
44.497 4
44.578 2
44.578 3
44.66 1
44.66 4
44.986 1
44.986 3
44.986 4
45.149 1
45.149 2
45.149 3
45.393 3
45.393 4
45.475 1
45.475 2
45.529 3
45.583 4
45.638 2
45.692 1
45.746 4
45.801 2
45.801 3
45.855 4
45.909 1
45.964 2
46.018 3
46.072 4
46.127 1
46.127 2
46.181 3
46.236 4
46.29 1
46.371 3
46.453 1
46.616 2
46.697 3
46.697 4
46.779 1
46.779 2
46.833 3
46.888 4
46.942 2
46.996 1
47.051 4
47.105 2
47.105 3
47.159 1
47.214 4
47.268 3
47.322 2
47.377 1
47.431 2
47.431 3
47.485 4
47.54 1
47.594 2
47.594 3
47.594 4
47.676 1
47.757 2
47.757 3
47.757 4
47.92 3
48.002 1
48.002 2
48.083 3
48.083 4
48.138 1
48.192 2
48.246 3
48.301 4
48.355 2
48.409 1
48.409 3
48.464 4
48.518 2
48.572 3
48.627 1
48.681 4
48.735 2
48.735 3
48.79 1
48.844 4
48.898 2
48.898 3
48.98 1
48.98 4
49.061 2
49.061 3
49.143 1
49.143 4
49.387 1
49.387 2
49.387 3
49.469 4
49.55 1
49.55 2
49.55 3
49.632 4
49.877 2
49.877 4
49.958 1
49.958 3
50.04 2
50.04 4
50.121 1
50.121 3
50.203 2
50.203 4
50.366 1
50.366 2
50.366 3
50.529 1
50.529 3
50.529 4
50.61 2
50.692 1
50.692 3
50.773 4
50.855 1
50.855 2
50.855 3
50.936 4
51.018 1
51.018 2
51.099 3
51.181 1
51.181 2
51.181 4
51.262 3
51.344 2
51.344 4
51.425 1
51.507 2
51.507 3
51.507 4
51.588 1
51.67 2
51.67 4
51.752 3
51.833 1
51.833 2
51.833 4
51.915 3
51.996 1
51.996 2
51.996 4
52.078 3
52.159 2
52.241 3
52.322 1
52.322 2
52.404 3
52.404 4
52.485 2
52.567 3
52.567 4
52.648 1
52.648 2
52.73 3
52.811 1
52.811 2
52.811 4
52.893 3
52.974 1
52.974 2
53.056 3
53.137 1
53.137 2
53.137 4
53.219 3
53.3 1
53.3 2
53.3 4
53.382 3
53.463 2
53.545 1
53.626 3
53.626 4
53.708 1
53.708 2
53.789 3
53.871 1
53.871 2
53.953 3
53.953 4
54.034 1
54.116 2
54.116 3
54.116 4
54.197 1
54.279 3
54.279 4
54.36 2
54.442 4
54.523 1
54.523 2
54.605 3
54.605 4
54.686 2
54.768 1
54.768 4
54.849 3
54.931 1
54.931 2
54.985 3
55.039 4
55.094 1
55.148 2
55.202 3
55.257 4
55.311 3
55.366 2
55.42 1
55.42 4
55.501 3
55.583 1
55.583 2
55.664 3
55.746 1
55.746 2
55.746 4
55.827 3
55.909 1
55.909 4
55.99 2
56.072 1
56.072 3
56.072 4
56.153 2
56.235 3
56.235 4
56.317 1
56.398 2
56.398 3
56.398 4
56.48 1
56.561 3
56.561 4
56.643 2
56.724 1
56.724 3
56.724 4
56.806 2
56.887 3
56.887 4
56.969 1
57.05 2
57.05 3
57.05 4
57.132 1
57.213 2
57.213 3
57.213 4
57.295 1
57.376 4
57.458 3
57.539 1
57.539 2
57.621 3
57.621 4
57.702 1
57.784 3
57.784 4
57.865 1
57.865 2
57.947 3
58.028 1
58.028 2
58.028 4
58.11 3
58.191 2
58.273 1
58.355 2
58.355 3
58.355 4
58.436 1
58.518 2
58.518 3
58.518 4
58.599 1
58.681 2
58.762 3
58.844 1
58.844 2
58.925 3
58.925 4
59.007 1
59.088 2
59.088 3
59.17 1
59.17 4
59.251 2
59.333 1
59.333 3
59.333 4
59.414 2
59.496 3
59.496 4
59.577 2
59.659 1
59.659 4
59.74 2
59.74 3
59.822 1
59.822 4
59.903 2
59.985 3
60.039 4
60.094 1
60.148 2
60.148 3
60.202 4
60.257 1
60.311 2
60.365 3
60.42 2
60.474 1
60.528 4
60.583 3
60.637 1
60.637 2
60.719 4
60.8 2
60.8 3
60.854 1
60.909 4
60.963 3
61.017 2
61.072 1
61.126 3
61.126 4
61.18 2
61.235 1
61.289 4
61.452 1
61.452 2
61.507 3
61.561 4
61.615 2
61.67 3
61.724 1
61.778 2
61.778 4
61.833 3
61.887 2
61.941 1
62.023 4
62.104 2
62.104 3
62.159 1
62.213 4
62.267 2
62.322 3
62.376 1
62.43 2
62.43 4
62.485 3
62.539 1
62.593 2
62.756 1
62.756 4
62.811 2
62.865 3
62.919 4
62.974 2
63.028 3
63.083 1
63.083 4
63.137 2
63.191 1
63.246 4
63.327 3
63.409 1
63.409 2
63.463 3
63.517 4
63.572 2
63.626 3
63.68 1
63.735 2
63.735 4
63.789 3
63.843 2
63.898 1
64.061 3
64.061 4
64.115 1
64.169 2
64.224 4
64.278 2
64.332 3
64.387 1
64.387 4
64.441 2
64.495 3
64.55 2
64.713 1
64.713 4
64.767 2
64.822 3
64.876 4
64.93 2
64.985 3
65.039 1
65.039 2
65.093 4
65.148 3
65.202 2
65.365 1
65.365 4
65.419 3
65.474 2
65.528 1
65.582 4
65.637 3
65.691 1
65.691 2
65.745 3
65.8 4
65.854 2
65.854 1
66.017 2
66.017 3
66.18 3
66.18 4
66.262 1
66.343 2
66.343 3
66.343 4
66.506 2
66.506 3
66.669 1
66.669 2
66.724 3
66.778 4
66.832 2
66.887 1
66.941 4
66.995 2
66.995 3
67.05 1
67.104 4
67.158 2
67.158 3
67.24 1
67.321 3
67.321 4
67.403 2
67.484 3
67.484 4
67.539 1
67.593 2
67.647 1
67.647 3
67.647 4
67.729 2
67.811 3
67.892 1
67.974 3
67.974 4
68.028 2
68.082 1
68.137 3
68.137 4
68.218 2
68.3 1
68.3 4
68.381 3
68.463 1
68.463 2
68.463 4
68.544 3
68.626 2
68.707 1
68.789 3
68.789 4
68.87 2
68.952 1
68.952 4
69.006 3
69.06 2
69.115 1
69.169 4
69.223 2
69.278 3
69.278 4
69.332 1
69.386 2
69.441 3
69.495 4
69.55 1
69.604 2
69.604 3
69.658 4
69.713 3
69.767 1
69.767 2
69.848 3
69.93 1
69.93 4
70.093 3
70.093 4
70.256 1
70.256 2
70.256 4
70.337 3
70.419 1
70.419 2
70.419 4
70.582 1
70.582 2
70.664 3
70.664 4
70.745 1
70.745 2
70.827 3
70.827 4
70.908 1
70.908 2
70.99 3
70.99 4
71.071 1
71.071 2
71.316 2
71.397 1
71.397 3
71.397 4
71.479 2
71.56 3
71.56 4
71.642 1
71.642 2
71.723 3
71.723 4
71.805 2
71.886 1
71.886 4
71.968 2
71.968 3
72.049 1
72.049 4
72.131 3
72.213 1
72.213 2
72.294 4
72.376 1
72.376 2
72.376 3
72.457 4
72.539 2
72.62 3
72.62 4
72.702 1
72.702 2
72.783 3
72.865 1
72.865 4
72.946 2
72.946 3
73.028 1
73.028 4
73.109 3
73.191 1
73.191 2
73.272 3
73.272 4
73.354 1
73.354 2
73.435 4
73.517 2
73.517 3
73.598 1
73.68 2
73.68 3
73.68 4
73.761 1
73.843 4
73.925 2
73.925 3
74.006 1
74.006 4
74.088 3
74.169 1
74.169 2
74.251 3
74.251 4
74.332 1
74.332 2
74.414 3
74.495 1
74.495 4
74.577 2
74.577 3
74.658 1
74.658 4
74.74 3
74.821 1
74.821 2
74.903 3
74.984 1
74.984 2
74.984 4
75.066 3
75.147 2
75.229 1
75.229 4
75.31 2
75.31 3
75.392 4
75.473 1
75.473 2
75.555 3
75.555 4
75.637 1
75.637 2
75.718 3
75.8 1
75.8 4
75.881 2
75.881 3
75.963 1
75.963 4
76.044 2
76.126 3
76.126 4
76.207 1
76.207 2
76.289 3
76.289 4
76.37 2
76.452 1
76.533 4
76.615 1
76.615 2
76.615 3
76.696 4
76.778 1
76.778 2
76.859 3
76.859 4
76.941 1
76.941 2
77.022 3
77.104 1
77.104 4
77.185 2
77.267 1
77.267 3
77.267 4
77.349 2
77.43 3
77.43 4
77.512 2
77.593 1
77.593 3
77.593 4
77.675 2
77.756 3
77.838 1
77.838 4
77.919 2
77.919 3
78.001 1
78.082 3
78.082 4
78.164 1
78.164 2
78.245 3
78.245 4
78.327 2
78.408 1
78.408 4
78.49 2
78.49 3
78.571 1
78.571 4
78.653 3
78.734 1
78.734 2
78.734 4
78.816 3
78.897 1
78.897 2
78.897 4
78.979 3
79.06 1
79.142 2
79.142 3
79.224 1
79.224 4
79.305 2
79.387 3
79.387 4
79.468 1
79.468 2
79.55 3
79.55 4
79.631 2
79.713 1
79.713 4
79.794 2
79.794 3
79.876 1
79.876 4
79.957 3
80.039 1
80.039 2
80.039 4
80.12 3
80.202 1
80.202 2
80.283 3
80.365 1
80.365 4
80.446 2
80.446 3
80.528 1
80.528 4
80.609 2
80.691 1
80.691 4
80.772 2
80.772 3
80.854 1
80.854 4
80.936 3
81.017 1
81.017 2
81.099 3
81.099 4
81.18 1
81.18 2
81.262 3
81.262 4
81.343 1
81.343 2
81.425 3
81.425 4
81.506 1
81.506 2
81.588 3
81.669 4
81.751 1
81.751 2
81.832 3
81.832 4
81.914 2
81.995 1
81.995 4
82.077 3
82.158 1
82.158 2
82.158 4
82.24 3
82.321 1
82.321 2
82.403 3
82.403 4
82.484 1
82.484 2
82.566 3
82.648 1
82.648 4
82.729 2
82.811 1
82.811 3
82.811 4
82.892 2
82.974 3
83.055 2
83.055 4
83.137 1
83.137 3
83.218 2
83.3 1
83.3 4
83.381 2
83.381 3
83.463 1
83.463 4
83.544 3
83.626 1
83.626 2
83.707 3
83.707 4
83.789 1
83.789 2
83.87 3
83.952 1
83.952 4
84.033 2
84.115 1
84.115 3
84.115 4
84.196 2
84.278 3
84.36 2
84.36 4
84.441 1
84.441 3
84.523 2
84.604 3
84.604 4
84.686 1
84.686 2
84.767 3
84.767 4
84.849 2
84.93 1
84.93 4
85.012 2
85.012 3
85.093 1
85.093 4
85.175 3
85.256 1
85.256 2
85.338 3
85.419 1
85.419 2
85.419 4
85.501 3
85.582 2
85.664 3
85.664 4
85.745 1
85.745 2
85.827 3
85.908 1
85.908 4
85.99 2
86.072 3
86.072 4
86.153 2
86.235 1
86.235 4
86.316 2
86.316 3
86.398 1
86.398 4
86.479 3
86.561 1
86.561 2
86.642 3
86.724 1
86.724 2
86.724 4
86.887 3
86.887 4
86.968 1
86.968 2
87.05 3
87.05 4
87.131 2
87.213 1
87.213 3
87.213 4
87.376 1
87.376 2
87.539 3
87.539 4
87.62 2
87.702 1
87.702 3
87.702 4
88.028 1
88.028 3
88.273 2
88.354 1
88.354 3
88.354 4
88.517 2
88.517 3
88.68 1
88.68 3
88.68 4
88.843 3
88.843 4
88.925 1
88.925 2
89.006 3
89.006 4
89.088 1
89.088 2
89.169 3
89.169 4
89.251 1
89.251 2
89.332 3
89.332 4
89.495 1
89.495 2
89.577 3
89.577 4
89.659 1
89.659 2
89.74 3
89.822 1
89.822 2
89.822 4
89.985 2
89.985 3
90.148 1
90.148 4
90.229 3
90.311 1
90.311 2
90.311 4
90.555 1
90.637 2
90.637 3
90.637 4
90.881 4
90.963 1
90.963 2
90.963 3
91.126 1
91.126 4
91.289 2
91.289 3
91.289 4
91.452 1
91.452 2
91.534 3
91.534 4
91.615 1
91.615 2
91.697 3
91.697 4
91.778 1
91.778 2
91.86 3
91.86 4
91.941 1
91.941 2
92.104 3
92.104 4
92.186 2
92.267 1
92.267 3
92.267 4
92.43 1
92.43 2
92.512 3
92.512 4
92.593 1
92.593 2
92.756 3
92.756 4
92.838 2
92.919 1
92.919 3
92.919 4
93.083 1
93.083 4
93.164 2
93.164 3
93.246 1
93.246 4
93.409 1
93.409 4
93.49 2
93.572 1
93.572 3
93.572 4
93.735 1
93.735 4
93.816 2
93.898 3
93.898 4
93.979 1
93.979 2
94.061 3
94.061 4
94.142 1
94.142 2
94.224 3
94.224 4
94.305 1
94.305 2
94.387 3
94.387 4
94.468 1
94.468 2
94.55 3
94.55 4
94.631 3
94.631 4
94.713 1
94.713 2
94.795 1
94.795 2
94.876 3
94.876 4
94.958 3
94.958 4
95.039 1
95.039 2
95.121 1
95.121 2
95.202 3
95.202 4
95.284 3
95.284 4
95.365 1
95.365 2
95.447 1
95.447 2
95.528 3
95.528 4
95.61 3
95.61 4
95.691 1
95.691 2
95.773 1
95.773 2
95.854 3
95.854 4
95.936 3
95.936 4
96.017 1
96.017 2
96.099 1
96.099 2
96.18 3
96.18 4
96.262 3
96.262 4
96.343 1
96.343 2
96.425 1
96.425 2
96.507 3
96.507 4
96.833 1
96.833 2
96.833 3
96.833 4
97.159 1
97.159 2
97.159 3
97.213 4
97.267 2
97.322 3
97.376 1
97.43 2
97.485 3
97.539 4
97.593 3
97.648 2
97.702 1
97.756 4
97.811 3
97.865 2
97.919 3
97.974 1
98.028 2
98.082 3
98.137 4
98.191 1
98.246 2
98.3 3
98.354 4
98.409 1
98.463 2
98.463 3
98.517 4
98.572 1
98.626 2
98.68 3
98.735 4
98.789 2
98.843 3
98.898 1
98.952 4
99.006 3
99.061 2
99.115 1
99.115 4
99.169 3
99.224 2
99.278 1
99.332 4
99.387 3
99.441 1
99.441 2
99.495 4
99.55 3
99.604 1
99.658 2
99.713 3
99.767 1
99.767 4
99.821 2
99.876 3
99.93 4
99.985 1
100.039 2
100.093 3
100.093 4
100.148 1
100.202 2
100.256 3
100.311 1
100.365 4
100.419 2
100.419 3
100.474 1
100.528 4
100.582 2
100.637 3
100.691 1
100.745 2
100.745 4
100.8 3
100.854 1
100.908 2
100.963 3
101.017 4
101.071 1
101.071 2
101.126 3
101.18 4
101.234 2
101.289 3
101.343 1
101.397 2
101.452 4
101.506 1
101.56 3
101.615 2
101.669 1
101.724 3
101.724 4
101.778 2
101.832 1
101.887 4
101.941 3
101.995 2
102.05 1
102.05 4
102.104 3
102.158 2
102.213 1
102.267 3
102.321 4
102.376 1
102.376 2
102.43 3
102.484 4
102.539 2
102.593 3
102.647 1
102.702 2
102.756 3
102.81 4
102.865 1
102.919 2
102.973 3
103.028 1
103.082 4
103.136 3
103.191 2
103.245 1
103.299 4
103.354 2
103.354 3
103.408 1
103.463 4
103.517 3
103.571 1
103.626 2
103.68 3
103.68 4
103.734 1
103.789 2
103.843 3
103.897 1
103.952 4
104.006 3
104.06 2
104.115 1
104.169 4
104.223 3
104.278 2
104.332 1
104.332 4
104.386 3
104.441 2
104.495 1
104.549 4
104.604 3
104.658 1
104.658 2
104.712 4
104.767 3
104.821 2
104.875 4
104.93 1
104.984 2
104.984 3
105.038 4
105.093 1
105.147 3
105.202 2
105.256 4
105.31 3
105.365 2
105.419 1
105.473 3
105.473 4
105.528 2
105.582 1
105.636 3
105.636 4
105.691 2
105.745 1
105.799 4
105.854 2
105.908 3
105.962 1
106.017 2
106.071 3
106.125 4
106.18 2
106.234 3
106.288 1
106.343 2
106.397 3
106.451 4
106.506 2
106.56 3
106.614 1
106.669 4
106.723 2
106.777 3
106.832 1
106.886 2
106.941 3
106.941 4
106.995 1
107.049 2
107.104 3
107.158 4
107.212 1
107.267 2
107.267 3
107.321 4
107.375 1
107.43 2
107.484 3
107.538 4
107.593 1
107.593 2
107.647 3
107.701 4
107.756 1
107.81 2
107.864 4
107.919 3
107.973 1
108.027 2
108.082 3
108.136 4
108.19 2
108.245 1
108.299 4
108.353 3
108.408 2
108.462 1
108.516 4
108.571 3
108.625 2
108.68 3
108.734 2
108.788 1
108.843 4
108.897 2
108.897 3
108.951 1
109.006 4
109.06 2
109.114 3
109.169 1
109.223 4
109.277 3
109.332 2
109.386 1
109.44 4
109.495 3
109.549 1
109.549 2
109.603 4
109.658 3
109.712 1
109.766 2
109.821 3
109.875 1
109.875 4
109.929 3
109.984 2
110.038 1
110.092 2
110.147 3
110.201 1
110.201 4
110.255 2
110.31 3
110.364 4
110.419 1
110.473 2
110.527 3
110.527 4
110.582 1
110.636 2
110.69 3
110.745 4
110.799 1
110.853 2
110.853 3
110.908 4
110.962 1
111.016 2
111.071 4
111.125 3
111.179 1
111.179 2
111.234 4
111.288 3
111.342 1
111.342 2
111.397 4
111.451 3
111.505 1
111.56 2
111.614 3
111.668 4
111.723 2
111.777 3
111.831 1
111.886 4
111.94 3
111.994 1
112.049 2
112.103 4
112.158 1
112.158 3
112.212 2
112.266 4
112.321 3
112.375 2
112.429 1
112.484 3
112.484 4
112.538 2
112.592 1
112.647 4
112.701 2
112.755 3
112.81 1
112.81 4
112.864 2
112.918 3
112.973 4
113.027 2
113.081 3
113.136 1
113.19 2
113.244 3
113.299 4
113.353 3
113.407 2
113.462 1
113.516 4
113.57 2
113.625 3
113.679 1
113.733 2
113.788 3
113.788 4
113.842 1
113.897 2
113.951 4
114.005 3
114.06 2
114.114 1
114.114 4
114.168 3
114.223 2
114.277 1
114.331 3
114.386 4
114.44 1
114.494 2
114.549 3
114.603 4
114.657 2
114.712 3
114.766 1
114.766 2
114.82 4
114.875 3
114.929 2
114.983 1
115.038 4
115.092 2
115.092 3
115.146 1
115.201 4
115.255 3
115.309 2
115.364 3
115.418 1
115.418 2
115.418 4
115.581 2
115.581 3
115.744 1
115.744 4
115.826 2
115.826 3
115.907 1
115.907 4
115.962 2
116.016 4
116.07 1
116.125 2
116.179 3
116.233 1
116.233 4
116.288 2
116.342 3
116.396 1
116.451 2
116.505 4
116.559 2
116.559 3
116.614 1
116.668 4
116.722 2
116.804 1
116.885 3
116.885 4
116.967 2
117.048 1
117.048 4
117.13 2
117.13 3
117.211 1
117.211 4
117.266 2
117.32 3
117.375 4
117.429 2
117.483 3
117.538 1
117.538 4
117.592 2
117.646 3
117.701 2
117.755 1
117.809 3
117.864 2
117.864 4
117.918 3
117.972 1
118.027 2
118.027 3
118.027 4
118.108 1
118.19 2
118.19 3
118.19 4
118.353 3
118.353 4
118.434 1
118.434 2
118.516 3
118.516 4
118.57 1
118.624 2
118.679 3
118.733 4
118.787 1
118.842 2
118.842 3
118.896 4
118.95 3
119.005 2
119.059 1
119.114 4
119.168 2
119.168 3
119.222 1
119.277 4
119.331 1
119.331 2
119.412 3
119.494 1
119.494 4
119.657 2
119.657 3
119.82 3
119.82 4
119.901 1
119.901 2
119.983 3
119.983 4
120.092 1
120.092 4
120.2 2
120.2 3
120.309 1
120.309 3
120.418 2
120.418 4
120.526 1
120.526 4
120.635 1
120.635 2
120.635 3
120.717 4
120.798 1
120.798 2
120.798 3
121.043 2
121.043 4
121.124 1
121.124 3
121.179 2
121.233 4
121.287 3
121.342 2
121.396 1
121.45 3
121.45 4
121.505 2
121.559 3
121.613 1
121.668 2
121.722 3
121.776 1
121.776 4
121.831 2
121.885 3
121.939 1
121.939 4
122.021 2
122.102 3
122.102 4
122.347 2
122.347 3
122.428 1
122.428 4
122.483 3
122.537 2
122.592 1
122.646 4
122.7 3
122.755 1
122.755 2
122.809 3
122.863 4
122.918 2
122.972 3
123.026 1
123.081 2
123.081 4
123.135 3
123.189 2
123.244 1
123.244 3
123.244 4
123.325 2
123.407 1
123.407 3
123.407 4
123.651 3
123.651 4
123.733 1
123.733 2
123.787 3
123.841 4
123.896 2
123.95 3
124.004 1
124.059 2
124.059 3
124.113 4
124.167 2
124.222 3
124.276 1
124.331 4
124.385 2
124.385 3
124.439 1
124.494 4
124.548 1
124.548 2
124.629 3
124.629 4
124.711 1
124.711 2
124.792 3
124.792 4
125.037 4
125.078 3
125.118 2
125.159 1
125.2 4
125.241 3
125.282 2
125.322 1
125.526 1
125.526 4
125.608 2
125.608 3
125.689 1
125.689 4
125.771 3
125.852 1
125.852 2
125.852 4
125.934 3
126.015 1
126.015 2
126.015 4
126.097 3
126.178 1
126.178 2
126.178 4
126.26 3
126.341 1
126.341 2
126.341 4
126.504 2
126.504 3
126.667 2
126.667 3
126.667 4
126.749 1
126.83 2
126.83 3
126.83 4
126.912 1
126.993 3
126.993 4
127.075 2
127.156 1
127.156 3
127.156 4
127.238 2
127.319 1
127.319 3
127.319 4
127.401 2
127.483 1
127.483 3
127.483 4
127.564 2
127.646 1
127.646 3
127.646 4
127.972 1
127.972 2
127.972 3
128.053 4
128.135 1
128.135 2
128.135 3
128.216 4
128.298 1
128.298 2
128.379 3
128.461 1
128.461 2
128.461 4
128.542 3
128.624 1
128.624 2
128.624 4
128.705 3
128.787 1
128.787 2
128.787 4
128.868 3
128.95 1
128.95 2
128.95 4
129.276 1
129.276 3
129.276 4
129.358 2
129.439 1
129.439 3
129.439 4
129.521 2
129.602 1
129.602 3
129.602 4
129.684 2
129.765 1
129.765 3
129.765 4
129.847 2
129.928 1
129.928 3
129.928 4
130.01 2
130.091 1
130.091 3
130.091 4
130.173 2
130.254 1
130.254 3
130.254 4
130.58 1
130.58 2
130.662 3
130.743 1
130.743 2
130.743 4
130.907 2
130.907 3
131.07 1
131.07 2
131.07 3
131.151 4
131.233 1
131.233 2
131.233 3
131.314 4
131.396 1
131.396 2
131.396 3
131.477 4
131.559 1
131.559 2
131.559 3
131.722 3
131.722 4
131.885 2
131.885 3
131.885 4
131.966 1
132.048 2
132.048 3
132.048 4
132.129 1
132.211 2
132.211 3
132.292 4
132.374 1
132.374 2
132.374 3
132.455 4
132.537 1
132.537 2
132.537 3
132.618 4
132.7 1
132.7 2
132.7 3
132.781 4
132.863 1
132.863 2
132.863 3
133.189 1
133.189 3
133.189 4
133.27 2
133.352 1
133.352 3
133.352 4
133.434 2
133.515 1
133.515 4
133.597 3
133.678 1
133.678 2
133.678 4
133.76 3
133.841 1
133.841 4
133.923 2
133.923 3
134.004 1
134.004 4
134.086 3
134.167 1
134.167 4
134.249 2
134.249 3
134.33 1
134.33 4
134.493 1
134.493 4
134.575 2
134.575 3
134.656 1
134.656 4
134.738 2
134.738 3
134.819 1
134.819 4
134.901 2
134.901 3
134.982 1
134.982 4
135.037 2
135.091 3
135.145 4
135.2 1
135.254 2
135.308 3
135.363 2
135.417 4
135.471 1
135.526 2
135.58 3
135.634 1
135.634 4
135.689 2
135.743 3
135.797 1
135.797 4
135.852 2
135.906 3
135.961 4
136.015 2
136.069 3
136.124 1
136.178 4
136.232 3
136.287 1
136.287 2
136.45 1
136.45 2
136.45 3
136.613 1
136.613 4
136.694 2
136.776 1
136.776 3
136.776 4
136.939 2
136.939 4
137.102 3
137.102 4
137.156 2
137.21 1
137.265 3
137.319 2
137.373 4
137.428 1
137.428 3
137.482 2
137.536 3
137.591 4
137.672 1
137.754 2
137.754 3
137.808 4
137.863 1
137.917 3
137.971 2
138.026 4
138.08 1
138.08 3
138.134 2
138.189 4
138.243 3
138.406 1
138.406 4
138.46 3
138.515 2
138.569 1
138.623 3
138.678 2
138.732 1
138.732 4
138.786 3
138.841 4
138.895 1
138.977 2
139.058 3
139.058 4
139.112 2
139.167 1
139.221 3
139.275 2
139.33 4
139.384 1
139.384 3
139.439 2
139.493 3
139.547 4
139.71 1
139.71 2
139.765 4
139.819 3
139.873 1
139.928 3
139.982 2
140.036 1
140.036 4
140.091 3
140.145 2
140.199 3
140.362 1
140.362 4
140.417 3
140.471 2
140.525 1
140.58 3
140.634 2
140.688 3
140.688 4
140.743 1
140.797 2
140.851 3
141.014 1
141.014 4
141.069 2
141.123 3
141.178 4
141.232 1
141.286 2
141.341 3
141.341 4
141.395 2
141.449 1
141.504 3
141.504 4
141.585 2
141.667 3
141.667 4
141.748 1
141.83 2
141.83 3
141.911 4
141.993 1
141.993 2
141.993 3
142.074 4
142.156 2
142.156 3
142.237 1
142.319 3
142.319 4
142.373 2
142.427 1
142.482 3
142.536 4
142.59 1
142.645 2
142.645 3
142.699 4
142.753 1
142.808 2
142.808 3
142.889 4
142.971 1
142.971 2
143.052 3
143.134 1
143.134 2
143.188 4
143.243 3
143.297 1
143.297 2
143.297 4
143.378 3
143.46 2
143.541 4
143.623 1
143.623 2
143.677 3
143.732 4
143.786 1
143.786 2
143.868 3
143.949 1
143.949 4
144.031 2
144.112 1
144.112 3
144.112 4
144.194 2
144.275 3
144.357 4
144.438 1
144.438 2
144.52 3
144.601 1
144.601 4
144.656 2
144.71 3
144.764 4
144.819 1
144.873 3
144.927 1
144.927 2
144.982 4
145.036 3
145.09 2
145.145 1
145.199 4
145.253 2
145.253 3
145.308 1
145.362 2
145.416 3
145.416 4
145.498 2
145.579 1
145.579 4
145.742 1
145.742 2
145.905 1
145.905 3
145.905 4
145.987 2
146.068 1
146.068 3
146.068 4
146.231 2
146.231 3
146.313 1
146.395 3
146.395 4
146.476 1
146.476 2
146.558 3
146.558 4
146.639 1
146.639 2
146.721 3
146.721 4
146.965 3
147.047 1
147.047 2
147.047 4
147.128 3
147.21 1
147.21 2
147.291 3
147.291 4
147.373 1
147.373 2
147.454 3
147.536 1
147.536 4
147.617 2
147.617 3
147.699 1
147.699 4
147.78 2
147.862 3
147.862 4
147.943 1
148.025 2
148.025 3
148.025 4
148.106 1
148.188 3
148.269 1
148.269 2
148.351 3
148.351 4
148.432 2
148.514 1
148.514 4
148.595 2
148.595 3
148.677 1
148.677 4
148.758 2
148.84 3
148.84 4
148.921 1
148.921 2
149.003 3
149.003 4
149.085 1
149.166 2
149.166 3
149.248 4
149.329 1
149.329 2
149.329 3
149.411 4
149.492 1
149.574 2
149.574 3
149.655 1
149.655 4
149.737 2
149.818 3
149.818 4
149.9 1
149.9 2
149.981 3
149.981 4
150.063 2
150.144 1
150.144 4
150.226 2
150.226 3
150.307 1
150.307 4
150.389 2
150.47 3
150.47 4
150.552 2
150.633 1
150.633 3
150.633 4
150.715 2
150.796 3
150.878 1
150.878 4
150.959 2
150.959 3
151.041 1
151.122 3
151.122 4
151.204 1
151.204 2
151.285 3
151.285 4
151.367 2
151.448 1
151.448 4
151.53 2
151.53 3
151.612 1
151.612 4
151.693 3
151.775 1
151.775 2
151.856 3
151.856 4
151.938 1
151.938 2
152.019 3
152.101 4
152.182 1
152.264 2
152.264 3
152.264 4
152.345 1
152.427 3
152.427 4
152.508 1
152.508 2
152.59 3
152.59 4
152.671 2
152.753 1
152.753 4
152.834 3
152.916 1
152.916 2
152.916 4
152.997 3
153.079 1
153.079 2
153.16 3
153.242 1
153.242 2
153.242 4
153.323 3
153.405 2
153.486 1
153.486 4
153.568 2
153.568 3
153.649 4
153.731 1
153.731 2
153.812 3
153.812 4
153.894 1
153.894 2
153.975 3
154.057 1
154.057 4
154.138 2
154.138 3
154.22 1
154.22 4
154.302 2
154.383 1
154.383 3
154.383 4
154.465 2
154.546 1
154.546 3
154.546 4
154.628 2
154.709 4
154.791 2
154.791 3
154.872 1
154.872 4
154.954 3
155.035 1
155.035 2
155.117 3
155.117 4
155.198 1
155.198 2
155.28 3
155.361 1
155.361 4
155.443 2
155.443 3
155.524 1
155.524 4
155.606 2
155.687 1
155.687 3
155.687 4
155.769 2
155.85 3
155.85 4
155.932 2
156.013 1
156.013 4
156.095 2
156.095 3
156.176 1
156.176 4
156.258 3
156.339 1
156.339 4
156.421 2
156.421 3
156.502 1
156.502 4
156.584 2
156.665 3
156.665 4
156.747 1
156.747 2
156.829 3
156.829 4
156.91 1
156.91 2
156.992 3
156.992 4
157.073 1
157.073 2
157.155 3
157.155 4
157.236 2
157.318 1
157.399 3
157.399 4
157.481 1
157.481 2
157.562 3
157.644 1
157.644 4
157.725 2
157.807 1
157.807 3
157.807 4
157.888 2
157.97 3
157.97 4
158.051 1
158.051 2
158.133 3
158.133 4
158.214 2
158.296 1
158.296 4
158.377 3
158.459 1
158.459 2
158.459 4
158.54 3
158.622 2
158.703 1
158.703 3
158.785 2
158.785 4
158.866 3
158.948 1
158.948 4
159.029 2
159.029 3
159.111 1
159.111 4
159.192 2
159.274 3
159.274 4
159.355 1
159.355 2
159.437 3
159.437 4
159.519 2
159.6 1
159.6 4
159.682 3
159.763 1
159.763 2
159.763 4
159.845 3
159.926 2
160.008 1
160.008 3
160.089 2
160.089 4
160.171 3
160.252 1
160.252 2
160.334 3
160.334 4
160.415 1
160.415 2
160.497 3
160.578 1
160.578 4
160.66 2
160.66 3
160.741 1
160.741 4
160.823 2
160.904 3
160.904 4
160.986 2
161.067 1
161.067 3
161.067 4
161.149 2
161.23 3
161.312 1
161.312 2
161.393 3
161.393 4
161.475 2
161.556 1
161.556 4
161.638 3
161.719 1
161.719 2
161.801 3
161.882 1
161.882 4
161.964 2
161.964 3
162.046 1
162.046 4
162.127 2
162.209 3
162.209 4
162.29 2
162.372 1
162.372 3
162.372 4
162.535 3
162.535 4
162.616 1
162.616 2
162.698 3
162.698 4
162.779 2
162.861 1
162.861 3
162.861 4
163.024 1
163.024 2
163.187 3
163.268 2
163.35 1
163.35 3
163.35 4
163.676 2
163.676 4
163.92 2
164.002 1
164.002 3
164.002 4
164.165 2
164.165 3
164.328 1
164.328 3
164.328 4
164.491 3
164.491 4
164.572 1
164.572 2
164.654 3
164.654 4
164.736 1
164.736 2
164.817 3
164.817 4
164.899 1
164.899 2
164.98 3
164.98 4
165.143 1
165.143 2
165.225 3
165.225 4
165.306 1
165.306 2
165.388 3
165.469 1
165.469 2
165.469 4
165.632 2
165.632 3
165.795 1
165.795 4
165.877 3
165.958 1
165.958 2
165.958 4
166.203 1
166.284 2
166.284 3
166.284 4
166.529 4
166.61 1
166.61 2
166.61 3
166.773 1
166.773 4
166.936 2
166.936 3
166.936 4
167.099 1
167.099 2
167.181 3
167.181 4
167.263 1
167.263 2
167.344 3
167.344 4
167.426 1
167.426 2
167.507 3
167.507 4
167.589 1
167.589 2
167.752 3
167.752 4
167.833 2
167.915 1
167.915 3
167.915 4
168.078 1
168.078 2
168.159 3
168.159 4
168.241 1
168.241 2
168.404 3
168.404 4
168.485 2
168.567 1
168.567 3
168.567 4
168.73 1
168.73 2
168.811 4
168.893 1
168.893 2
168.893 3
168.974 4
169.056 1
169.056 3
169.137 2
169.219 1
169.219 3
169.219 4
169.3 2
169.382 1
169.382 4
169.463 2
169.545 3
169.545 4
169.626 1
169.626 2
169.708 3
169.708 4
169.789 1
169.789 2
169.871 3
169.871 4
169.953 1
169.953 2
170.034 3
170.034 4
170.116 1
170.116 2
170.197 3
170.197 4
170.279 3
170.279 4
170.36 1
170.36 2
170.442 1
170.442 2
170.523 3
170.523 4
170.605 3
170.605 4
170.686 1
170.686 2
170.768 1
170.768 2
170.849 3
170.849 4
170.931 3
170.931 4
171.012 1
171.012 2
171.094 1
171.094 2
171.175 3
171.175 4
171.257 3
171.257 4
171.338 1
171.338 2
171.42 1
171.42 2
171.501 3
171.501 4
171.583 3
171.583 4
171.664 1
171.664 2
171.746 1
171.746 2
171.827 3
171.827 4
171.909 3
171.909 4
171.99 1
171.99 2
172.072 1
172.072 2
172.153 3
172.153 4
172.235 1
172.316 2
172.398 3
172.48 1
172.48 2
172.48 4
172.561 1
172.561 2
172.806 1
172.806 2
172.86 3
172.914 4
172.969 2
173.023 1
173.077 3
173.132 2
173.186 4
173.24 3
173.295 2
173.349 1
173.403 4
173.458 2
173.512 3
173.566 1
173.621 2
173.675 3
173.729 4
173.784 2
173.838 3
173.892 1
173.947 2
174.001 3
174.055 4
174.11 1
174.11 2
174.164 3
174.219 4
174.273 2
174.327 3
174.382 1
174.436 4
174.49 3
174.545 2
174.599 1
174.653 4
174.708 2
174.762 1
174.762 3
174.816 4
174.871 2
174.925 1
174.979 4
175.034 3
175.088 1
175.088 2
175.142 4
175.197 3
175.251 1
175.305 2
175.36 3
175.414 1
175.414 4
175.468 2
175.523 3
175.577 1
175.631 2
175.686 4
175.74 1
175.74 3
175.794 2
175.849 4
175.903 3
175.958 2
176.012 1
176.066 3
176.066 4
176.121 2
176.175 1
176.229 4
176.284 3
176.338 2
176.392 1
176.392 4
176.447 3
176.501 2
176.555 1
176.61 3
176.664 2
176.718 1
176.718 4
176.773 3
176.827 2
176.881 4
176.936 3
176.99 2
177.044 1
177.099 4
177.153 3
177.207 2
177.262 1
177.316 4
177.37 2
177.37 3
177.425 1
177.479 4
177.533 3
177.588 2
177.642 1
177.697 3
177.697 4
177.751 2
177.805 1
177.86 3
177.914 2
177.968 4
178.023 1
178.023 3
178.077 2
178.131 4
178.186 3
178.24 2
178.294 1
178.349 4
178.403 2
178.457 3
178.512 1
178.566 2
178.62 4
178.675 3
178.729 2
178.783 1
178.838 4
178.892 3
178.946 1
179.001 2
179.001 4
179.055 3
179.109 1
179.164 2
179.218 3
179.272 4
179.327 1
179.327 2
179.381 3
179.436 4
179.49 3
179.544 2
179.599 1
179.653 2
179.707 3
179.762 4
179.816 1
179.87 2
179.925 3
179.979 1
179.979 4
180.033 2
180.088 3
180.142 4
180.196 1
180.251 3
180.305 2
180.305 4
180.359 1
180.414 3
180.468 4
180.522 2
180.577 1
180.631 3
180.631 4
180.685 2
180.74 4
180.794 1
180.848 2
180.903 3
180.957 4
181.011 2
181.066 3
181.12 1
181.12 4
181.175 2
181.229 3
181.283 1
181.283 4
181.338 2
181.392 3
181.446 4
181.501 1
181.555 2
181.609 3
181.664 4
181.718 2
181.772 3
181.827 1
181.881 4
181.935 2
181.99 3
182.044 2
182.098 4
182.153 3
182.207 2
182.261 1
182.316 4
182.37 2
182.424 3
182.479 4
182.533 1
182.587 2
182.587 3
182.642 4
182.696 2
182.75 3
182.805 4
182.859 1
182.914 2
182.914 3
182.968 4
183.022 1
183.077 2
183.131 3
183.185 4
183.24 1
183.24 2
183.294 3
183.348 4
183.403 2
183.457 3
183.511 1
183.566 4
183.62 3
183.674 2
183.729 1
183.783 4
183.837 3
183.892 2
183.946 1
184.0 4
184.055 3
184.109 2
184.163 1
184.218 3
184.218 4
184.272 2
184.326 1
184.381 3
184.435 4
184.489 2
184.544 1
184.544 3
184.598 4
184.653 2
184.707 1
184.761 3
184.816 2
184.87 1
184.924 4
184.979 2
185.033 3
185.087 1
185.142 2
185.196 3
185.196 4
185.25 1
185.305 2
185.359 3
185.413 4
185.468 2
185.522 1
185.522 3
185.576 4
185.631 2
185.685 3
185.739 1
185.794 4
185.848 2
185.848 3
185.902 1
185.957 4
186.011 3
186.065 2
186.12 1
186.174 3
186.174 4
186.228 2
186.283 1
186.337 3
186.392 4
186.446 1
186.5 2
186.5 3
186.555 4
186.609 1
186.663 2
186.718 3
186.772 4
186.826 1
186.826 2
186.881 3
186.935 4
186.989 1
186.989 2
187.044 3
187.098 4
187.152 1
187.207 2
187.261 3
187.315 1
187.37 4
187.424 3
187.478 2
187.533 1
187.587 4
187.641 3
187.696 2
187.75 4
187.804 1
187.804 3
187.859 2
187.913 4
187.967 3
188.022 2
188.076 1
188.131 3
188.131 4
188.185 2
188.239 1
188.294 3
188.348 4
188.402 2
188.457 1
188.457 3
188.511 4
188.565 2
188.62 1
188.674 4
188.728 2
188.783 3
188.837 1
188.891 4
188.946 3
189.0 2
189.054 1
189.109 4
189.163 2
189.217 3
189.272 1
189.326 2
189.38 3
189.435 1
189.435 4
189.489 2
189.543 3
189.598 1
189.652 4
189.706 3
189.761 1
189.761 2
189.815 4
189.87 3
189.924 2
189.978 1
190.033 3
190.087 2
190.141 4
190.196 1
190.25 2
190.304 3
190.359 4
190.413 1
190.413 2
190.63 3
190.63 4
190.739 1
190.739 2
190.848 3
190.848 4
190.956 1
190.956 2
191.065 1
191.065 2
191.065 4
191.391 2
191.391 4
191.554 1
191.554 3
191.717 1
191.717 3
191.717 4
192.043 1
192.043 2
192.206 1
192.206 2
192.532 1
192.532 2
192.858 1
192.858 2
193.184 1
193.184 2
193.347 1
193.347 2
193.347 3
193.347 4
193.999 1
193.999 3
193.999 4
194.325 1
194.325 2
194.488 1
194.488 2
194.814 1
194.814 2
195.14 1
195.14 2
195.467 1
195.467 2
195.63 1
195.63 2
195.63 3
195.63 4
196.119 1
196.119 4
196.2 3
196.282 1
196.282 2
196.282 4
196.608 1
196.608 2
196.771 1
196.771 2
197.097 1
197.097 2
197.423 1
197.423 2
197.749 1
197.749 2
197.912 1
197.912 2
197.912 3
197.912 4
198.401 1
198.401 4
198.456 3
198.51 2
198.564 1
198.564 3
198.564 4
198.89 1
198.89 2
199.053 1
199.053 2
199.379 1
199.379 2
199.705 1
199.705 2
200.032 1
200.032 2
200.195 1
200.195 2
200.195 3
200.195 4
200.358 1
200.521 2
200.684 3
200.847 1
200.847 2
200.847 3
200.847 4
201.01 2
201.173 1
201.173 2
201.173 4
201.336 1
201.336 3
201.336 4
201.499 3
201.662 1
201.662 2
201.662 4
201.825 1
201.988 2
201.988 3
201.988 4
202.151 2
202.314 1
202.314 3
202.314 4
202.477 1
202.477 2
202.477 3
202.477 4
202.586 1
202.695 3
202.803 3
202.803 4
202.912 2
203.021 2
203.129 1
203.129 3
203.129 4
203.455 1
203.455 2
203.618 1
203.618 2
203.618 4
203.944 1
203.944 2
203.944 4
204.27 1
204.27 2
204.27 4
204.596 1
204.596 2
204.596 4
204.759 1
204.759 2
204.759 3
204.759 4
204.922 3
204.922 4
205.004 1
205.004 2
205.086 3
205.086 4
205.167 1
205.167 2
205.249 3
205.249 4
205.33 1
205.33 2
205.412 1
205.412 2
205.412 4
205.738 1
205.738 3
205.738 4
205.901 1
205.901 3
205.901 4
206.064 2
206.227 2
206.227 3
206.227 4
206.39 3
206.553 1
206.553 3
206.553 4
206.716 1
206.716 2
206.879 2
206.879 3
206.879 4
207.042 1
207.042 3
207.042 4
207.123 2
207.205 4
207.286 3
207.368 2
207.449 1
207.531 3
207.612 2
207.694 1
207.694 3
207.694 4
207.776 2
207.857 4
207.939 3
208.02 1
208.02 2
208.02 4
208.102 3
208.183 1
208.183 2
208.183 4
208.265 3
208.346 2
208.428 1
208.509 2
208.509 3
208.509 4
208.591 1
208.672 4
208.754 3
208.835 1
208.835 2
208.835 4
208.998 1
208.998 2
209.08 3
209.08 4
209.161 1
209.161 2
209.243 3
209.243 4
209.324 1
209.324 3
209.324 4
209.487 2
209.487 4
209.65 1
209.65 2
209.813 2
209.813 3
209.976 1
209.976 2
209.976 3
209.976 4
210.139 1
210.139 2
210.303 1
210.303 2
210.466 2
210.466 3
210.466 1
210.629 4
210.792 2
210.792 3
210.955 2
210.955 3
211.118 1
211.118 4
211.281 1
211.281 2
211.281 3
211.281 4
211.444 2
211.444 3
211.607 1
211.607 4
211.77 1
211.77 4
211.933 2
211.933 3
211.933 4
212.096 1
212.096 3
212.259 2
212.259 3
212.422 1
212.422 2
212.422 3
212.585 1
212.585 2
212.585 3
212.585 4
212.748 1
212.748 2
212.911 2
212.911 3
212.911 4
213.074 1
213.074 2
213.237 1
213.237 2
213.237 3
213.237 4
213.401 1
213.401 4
213.564 2
213.564 3
213.727 1
213.727 4
213.89 1
213.89 2
213.89 3
213.89 4
214.053 1
214.053 2
214.216 2
214.216 3
214.379 3
214.379 4
214.379 1
214.542 2
214.542 4
214.705 3
214.705 4
214.868 2
214.868 3
215.031 3
215.031 4
215.194 1
215.194 2
215.194 3
215.194 4
215.357 1
215.357 4
215.52 2
215.52 3
215.683 3
215.683 4
215.846 1
215.846 2
215.846 3
216.009 1
216.009 4
216.172 2
216.172 3
216.336 1
216.336 3
216.336 4
216.499 1
216.499 2
216.662 3
216.662 4
216.743 1
216.825 2
216.825 3
216.825 4
216.988 2
216.988 3
216.988 4
217.151 1
217.151 2
217.151 3
217.151 4
217.314 1
217.314 2
217.395 3
217.395 4
217.477 1
217.477 2
217.64 2
217.64 3
217.803 1
217.803 2
217.803 3
217.803 4
217.966 1
217.966 2
218.129 2
218.129 3
218.292 3
218.292 4
218.292 1
218.455 2
218.455 3
218.618 3
218.618 4
218.781 2
218.781 3
218.781 4
218.944 3
218.944 4
219.107 1
219.107 2
219.189 3
219.189 4
219.271 1
219.271 2
219.434 2
219.434 3
219.597 2
219.597 4
219.76 1
219.76 2
219.76 3
219.923 3
219.923 4
220.086 1
220.086 2
220.249 2
220.249 3
220.249 4
220.412 1
220.412 2
220.412 3
220.412 4
220.575 2
220.575 3
220.738 1
220.738 2
220.738 3
220.738 4
220.901 2
220.901 4
221.064 1
221.064 2
221.064 3
221.227 1
221.227 2
221.309 3
221.309 4
221.39 1
221.39 2
221.553 2
221.553 3
221.716 1
221.716 2
221.716 3
221.716 4
221.879 1
221.879 3
222.043 2
222.043 3
222.206 3
222.206 4
222.206 1
222.532 3
222.532 4
222.695 3
222.695 4
222.858 3
222.858 4
223.021 1
223.021 4
223.102 2
223.102 3
223.184 1
223.184 4
223.347 1
223.347 2
223.51 3
223.51 4
223.673 1
223.673 2
223.673 4
223.836 2
223.836 3
223.999 1
223.999 4
224.081 2
224.162 1
224.162 3
224.162 4
224.325 1
224.325 2
224.325 3
224.325 4
224.488 1
224.488 2
224.57 3
224.651 1
224.651 2
224.651 4
224.733 3
224.814 1
224.869 2
224.923 3
224.977 1
224.977 2
224.977 4
225.304 1
225.304 3
225.467 1
225.63 1
225.63 2
225.63 3
225.956 1
225.956 3
226.119 1
226.282 1
226.282 2
226.282 3
226.445 3
226.499 2
226.553 1
226.608 3
226.608 4
226.771 2
226.771 3
226.934 1
226.934 2
226.934 4
227.097 1
227.097 2
227.097 3
227.097 4
227.586 1
227.586 2
227.586 3
227.586 4
227.667 2
227.749 3
227.83 3
227.912 1
227.912 4
227.994 1
228.075 3
228.075 4
228.157 2
228.238 1
228.238 3
228.238 4
228.32 2
228.401 4
228.483 2
228.483 3
228.564 1
228.564 4
228.646 3
228.727 1
228.727 4
228.809 2
228.89 1
228.89 3
228.89 4
229.216 1
229.216 2
229.216 3
229.216 4
229.379 4
229.406 3
229.434 2
229.461 1
229.705 4
229.733 3
229.76 2
229.787 1
230.031 1
230.031 2
230.031 3
230.031 4
230.521 1
230.521 4
230.575 2
230.629 3
230.684 1
230.684 4
230.738 2
230.792 3
230.847 1
230.847 2
230.847 4
231.173 1
231.173 2
231.227 3
231.281 4
231.336 1
231.336 2
231.39 3
231.444 4
231.499 1
231.499 2
231.499 3
231.825 1
231.825 4
231.879 2
231.933 3
231.988 1
231.988 4
232.042 2
232.096 3
232.151 1
232.151 2
232.151 4
232.314 1
232.314 2
232.314 4
232.368 3
232.423 2
232.477 1
232.531 4
232.586 3
232.64 2
232.803 1
232.803 4
232.857 3
232.912 2
232.966 1
233.02 4
233.075 2
233.129 3
233.183 1
233.238 2
233.292 3
233.346 4
233.401 2
233.455 1
233.455 4
233.509 3
233.564 2
233.618 1
233.672 4
233.727 2
233.781 3
233.835 1
233.89 4
233.944 3
233.999 2
234.053 1
234.107 3
234.107 4
234.162 2
234.216 1
234.27 4
234.433 2
234.433 3
234.596 1
234.596 3
234.596 4
234.759 4
234.786 3
234.814 2
234.841 1
234.922 3
234.922 4
235.085 1
235.113 2
235.14 3
235.167 4
235.248 1
235.248 2
235.411 3
235.411 4
235.411 1
235.738 1
235.738 4
235.792 2
235.846 3
235.901 1
235.901 4
235.955 2
236.009 3
236.064 1
236.064 2
236.064 4
236.39 1
236.39 4
236.444 3
236.498 2
236.553 1
236.553 4
236.607 3
236.661 2
236.716 3
236.716 4
236.716 1
237.042 1
237.042 4
237.096 2
237.15 3
237.205 1
237.205 4
237.259 2
237.313 3
237.368 1
237.368 2
237.368 4
237.694 1
237.694 4
237.748 3
237.803 2
237.857 1
237.857 4
237.911 3
237.966 2
238.02 1
238.02 3
238.02 4
238.101 2
238.183 3
238.264 2
238.264 4
238.346 1
238.346 3
238.428 4
238.509 1
238.509 2
238.591 3
238.672 1
238.672 2
238.672 4
238.754 1
238.754 2
238.835 3
238.917 4
238.998 1
238.998 2
238.998 3
239.08 4
239.161 1
239.243 3
239.243 4
239.324 2
239.365 1
239.406 4
239.487 2
239.487 3
239.569 1
239.65 2
239.65 3
239.65 4
239.732 1
239.814 2
239.814 3
239.814 4
239.895 1
239.977 2
240.058 3
240.14 1
240.14 2
240.14 4
240.221 3
240.303 4
240.384 3
240.466 1
240.466 2
240.466 4
240.52 3
240.574 2
240.629 1
240.683 4
240.737 3
240.792 2
240.846 3
240.9 2
240.955 1
241.009 4
241.063 3
241.118 2
241.172 1
241.226 4
241.281 1
241.281 2
241.281 3
241.335 4
241.39 2
241.444 3
241.498 1
241.553 2
241.607 3
241.648 4
241.689 1
241.729 2
241.77 3
241.811 4
241.852 1
241.893 2
241.933 3
241.933 4
242.096 3
242.26 2
242.26 1
242.423 4
242.504 3
242.586 1
242.586 2
242.586 4
242.749 1
242.749 4
242.749 3
243.238 1
243.238 2
243.238 4
243.401 3
243.455 2
243.51 1
243.564 3
243.618 4
243.673 1
243.727 3
243.89 1
243.89 2
243.89 4
244.053 2
244.107 4
244.162 3
244.216 1
244.216 2
244.216 4
244.27 3
244.325 2
244.379 1
244.542 1
244.542 4
244.705 3
244.76 1
244.814 2
244.868 3
244.868 4
244.923 1
244.977 2
245.031 3
245.031 4
245.086 2
245.14 3
245.194 4
245.249 1
245.303 2
245.357 3
245.357 4
245.412 2
245.466 3
245.52 4
245.575 1
245.629 2
245.683 3
245.738 4
245.792 1
245.846 2
245.846 4
245.846 3
246.009 1
246.173 2
246.336 3
246.499 4
246.662 1
246.825 3
246.988 1
247.151 2
247.151 3
247.151 4
247.477 1
247.803 2
248.129 4
248.455 1
248.455 2
248.455 3
248.781 2
249.107 1
249.433 4
249.759 1
249.759 3
249.759 2
250.085 3
250.412 3
250.493 4
250.575 2
250.615 1
250.656 4
250.697 3
250.738 1
250.738 2
251.064 2
251.064 4
251.064 1
251.227 3
251.39 2
251.553 3
251.716 4
251.879 1
251.879 2
252.042 2
252.042 3
252.205 3
252.205 4
252.368 2
252.368 3
252.368 4
252.531 1
252.694 2
252.694 3
252.694 4
252.857 3
253.02 1
253.02 2
253.02 4
253.183 1
253.346 2
253.346 3
253.346 4
253.509 3
253.672 1
253.672 2
253.672 4
253.835 1
253.917 2
253.998 1
253.998 3
253.998 4
254.161 2
254.243 1
254.324 2
254.324 3
254.324 4
254.488 1
254.651 3
254.651 4
254.732 1
254.732 2
254.814 3
254.814 4
254.895 1
254.895 2
254.977 3
254.977 4
255.031 1
255.086 2
255.14 3
255.194 4
255.249 2
255.303 3
255.358 1
255.412 4
255.466 3
255.521 2
255.575 1
255.629 3
255.629 4
255.711 1
255.711 2
255.792 3
255.792 4
255.874 1
255.874 2
255.955 3
255.955 4
256.037 1
256.037 2
256.118 3
256.118 4
256.2 1
256.2 2
256.282 3
256.282 4
256.336 1
256.39 2
256.445 3
256.499 4
256.553 1
256.608 2
256.608 3
256.662 4
256.716 1
256.771 2
256.825 3
256.879 4
256.934 1
256.934 2
256.988 3
257.042 4
257.097 1
257.151 2
257.205 4
257.26 1
257.26 3
257.314 2
257.368 4
257.423 3
257.477 1
257.531 4
257.586 2
257.586 3
257.64 1
257.694 4
257.749 3
257.803 2
257.857 1
257.912 3
257.912 4
257.966 2
258.021 1
258.075 4
258.129 3
258.184 2
258.238 1
258.238 4
258.292 3
258.347 2
258.401 1
258.455 4
258.51 2
258.564 1
258.564 3
258.618 4
258.673 2
258.727 1
258.781 3
258.836 4
258.89 1
258.89 2
258.944 3
258.999 4
259.053 1
259.107 3
259.162 2
259.216 1
259.216 4
259.27 3
259.325 2
259.379 1
259.433 4
259.488 3
259.542 1
259.542 2
259.596 4
259.651 3
259.705 1
259.76 2
259.814 3
259.868 1
259.868 4
259.923 2
259.977 3
260.031 4
260.086 1
260.14 2
260.194 3
260.194 4
260.249 1
260.303 2
260.357 4
260.412 3
260.466 2
260.52 1
260.52 4
260.575 3
260.629 2
260.683 1
260.738 4
260.792 3
260.846 1
260.846 2
260.928 3
261.009 1
261.009 4
261.091 2
261.091 3
261.172 1
261.172 4
261.254 2
261.254 3
261.335 1
261.335 4
261.417 2
261.499 3
261.499 4
261.553 1
261.607 2
261.662 3
261.716 4
261.77 1
261.825 2
261.825 3
261.879 4
261.933 1
261.988 2
262.042 3
262.096 4
262.151 1
262.151 2
262.205 3
262.259 4
262.314 2
262.368 3
262.422 1
262.477 2
262.477 4
262.531 3
262.585 1
262.64 2
262.694 3
262.748 4
262.803 1
262.803 2
262.857 3
262.911 4
262.966 2
263.02 3
263.075 1
263.129 2
263.129 4
263.183 3
263.238 1
263.292 2
263.346 3
263.401 4
263.455 1
263.455 2
263.509 3
263.564 4
263.618 1
263.672 3
263.727 2
263.781 1
263.781 4
263.835 3
263.89 2
263.944 1
263.998 4
264.053 3
264.107 1
264.107 2
264.161 4
264.216 3
264.27 1
264.324 2
264.379 4
264.433 1
264.433 3
264.487 2
264.542 4
264.596 1
264.65 3
264.705 2
264.759 1
264.759 4
264.814 3
264.868 2
264.922 1
264.977 4
265.031 3
265.085 1
265.085 2
265.14 3
265.194 4
265.249 1
265.303 2
265.357 3
265.412 1
265.412 4
265.493 2
265.575 1
265.575 3
265.575 4
265.656 2
265.738 3
265.819 1
265.819 2
265.819 4
265.901 2
265.983 3
266.064 1
266.064 2
266.064 4
266.146 3
266.227 4
266.309 1
266.309 2
266.39 3
266.39 4
266.472 1
266.472 2
266.554 3
266.554 4
266.635 1
266.635 2
266.717 3
266.717 4
266.771 2
266.825 1
266.88 3
266.88 4
266.934 2
266.989 1
267.043 4
267.097 3
267.152 2
267.206 1
267.206 4
267.26 2
267.315 3
267.369 4
267.424 1
267.478 2
267.532 3
267.532 4
267.587 1
267.641 2
267.695 3
267.75 4
267.804 1
267.858 2
267.858 3
267.913 4
267.967 1
268.021 2
268.076 3
268.13 4
268.184 1
268.184 2
268.239 3
268.293 4
268.347 2
268.402 3
268.456 4
268.51 1
268.51 2
268.565 3
268.619 4
268.673 2
268.728 1
268.782 4
268.836 2
268.836 3
268.891 1
268.945 4
268.999 3
269.054 2
269.108 1
269.163 3
269.163 4
269.217 2
269.271 4
269.326 1
269.38 2
269.434 3
269.489 1
269.489 4
269.543 2
269.597 3
269.652 4
269.706 2
269.76 3
269.815 1
269.815 4
269.869 2
269.923 3
269.978 1
270.032 4
270.086 2
270.141 1
270.141 3
270.195 4
270.249 2
270.304 3
270.358 4
270.412 1
270.467 2
270.467 3
270.521 4
270.575 1
270.63 2
270.684 3
270.738 4
270.793 1
270.793 2
270.847 3
270.902 4
270.956 1
271.01 2
271.065 4
271.119 1
271.119 3
271.173 2
271.228 4
271.282 3
271.336 2
271.391 1
271.445 3
271.445 4
271.499 2
271.554 1
271.608 4
271.662 2
271.717 3
271.771 1
271.771 4
271.825 2
271.88 3
271.934 4
271.988 1
272.043 2
272.097 3
272.097 4
272.151 1
272.206 4
272.26 3
272.314 2
272.369 1
272.423 3
272.423 4
272.477 2
272.532 1
272.586 4
272.641 3
272.695 2
272.749 1
272.749 4
272.804 3
272.858 2
272.912 1
272.967 4
273.021 3
273.075 1
273.075 2
273.13 4
273.184 3
273.238 1
273.293 4
273.347 2
273.401 1
273.401 3
273.456 4
273.51 2
273.564 1
273.619 4
273.673 3
273.727 1
273.727 2
273.782 4
273.836 3
273.89 2
273.945 1
273.999 4
274.053 2
274.053 3
274.108 1
274.162 4
274.216 2
274.271 3
274.325 1
274.38 2
274.38 3
274.434 4
274.488 1
274.543 2
274.543 3
274.597 4
274.651 1
274.706 2
274.706 3
274.76 4
274.814 1
274.869 2
274.923 3
274.977 4
275.032 1
275.032 2
275.086 3
275.14 4
275.195 1
275.195 2
275.276 3
275.276 4
275.358 1
275.358 2
275.439 4
275.521 3
275.521 4
275.575 1
275.63 2
275.684 3
275.738 4
275.793 1
275.847 2
275.847 3
275.929 1
276.01 3
276.01 4
276.092 1
276.092 2
276.173 3
276.173 4
276.228 1
276.282 4
276.337 3
276.391 2
276.445 1
276.5 3
276.5 4
276.554 2
276.608 4
276.663 1
276.663 2
276.717 3
276.772 4
276.826 1
276.826 2
276.907 3
276.907 4
276.989 1
276.989 2
277.071 3
277.152 1
277.152 2
277.152 4
277.234 3
277.315 1
277.315 4
277.37 2
277.424 3
277.478 4
277.533 1
277.587 2
277.642 3
277.642 4
277.696 2
277.75 3
277.805 1
277.859 2
277.913 3
277.968 1
277.968 4
278.022 2
278.076 3
278.131 4
278.185 2
278.239 3
278.294 1
278.294 4
278.348 2
278.402 3
278.457 1
278.511 4
278.565 3
278.62 1
278.62 2
278.674 4
278.729 3
278.783 2
278.837 4
278.892 1
278.946 2
278.946 3
279.0 4
279.055 1
279.109 2
279.163 3
279.218 4
279.272 1
279.272 2
279.326 3
279.381 4
279.435 1
279.489 2
279.544 3
279.598 1
279.598 4
279.652 2
279.707 3
279.761 4
279.815 1
279.87 3
279.924 2
279.924 4
279.978 1
280.033 3
280.087 2
280.141 1
280.196 4
280.25 2
280.25 3
280.304 1
280.359 4
280.413 2
280.468 3
280.522 1
280.576 2
280.576 4
280.631 3
280.685 1
280.739 2
280.794 3
280.848 4
280.902 1
280.902 2
280.957 3
281.011 4
281.065 1
281.12 3
281.174 2
281.228 1
281.228 4
281.283 3
281.337 2
281.391 1
281.446 4
281.5 3
281.554 1
281.554 2
281.609 4
281.663 3
281.717 2
281.772 1
281.826 3
281.88 2
281.88 4
281.935 1
281.989 3
282.043 4
282.098 2
282.152 3
282.207 1
282.207 4
282.261 2
282.315 3
282.37 4
282.424 1
282.478 2
282.533 3
282.533 4
282.587 1
282.641 2
282.696 3
282.75 4
282.804 2
282.859 1
282.859 3
282.913 4
282.967 2
283.022 3
283.076 4
283.13 1
283.185 2
283.185 3
283.239 4
283.293 1
283.348 2
283.402 4
283.456 3
283.511 1
283.511 2
283.565 4
283.619 3
283.674 2
283.728 1
283.782 4
283.837 2
283.837 3
283.891 1
283.946 2
284.0 3
284.054 4
284.109 1
284.163 2
284.163 3
284.217 4
284.272 1
284.326 2
284.326 3
284.407 1
284.407 4
284.489 3
284.543 2
284.598 1
284.652 3
284.652 4
284.707 2
284.761 1
284.815 4
284.87 3
284.924 2
284.978 1
284.978 4
285.033 2
285.087 3
285.142 4
285.196 1
285.25 2
285.305 3
285.305 4
285.359 1
285.413 2
285.468 3
285.522 4
285.577 1
285.631 2
285.631 3
285.685 4
285.74 1
285.794 3
285.848 2
285.903 4
285.957 1
285.957 3
286.011 2
286.066 4
286.12 3
286.174 1
286.229 2
286.283 3
286.283 4
286.337 1
286.392 2
286.446 4
286.5 3
286.555 2
286.609 1
286.609 4
286.663 3
286.718 2
286.772 1
286.826 4
286.881 3
286.935 1
286.935 2
286.99 4
287.044 3
287.098 2
287.153 1
287.207 4
287.261 2
287.261 3
287.316 1
287.37 4
287.424 2
287.479 3
287.533 4
287.587 1
287.587 2
287.642 3
287.696 4
287.75 1
287.805 3
287.859 2
287.913 1
287.913 4
287.968 3
288.022 2
288.076 1
288.131 4
288.185 3
288.239 2
288.28 1
288.321 4
288.362 3
288.402 2
288.443 1
288.484 4
288.525 3
288.565 2
288.606 1
288.647 4
288.688 3
288.728 2
288.769 1
288.81 4
288.851 3
288.891 2
288.932 1
288.973 4
289.014 3
289.054 2
289.095 1
289.136 4
289.177 3
289.217 2
289.258 1
289.299 4
289.34 3
289.38 2
289.421 1
289.462 4
289.503 3
289.543 2
289.584 1
289.625 4
289.666 3
289.707 2
289.747 1
289.788 4
289.829 3
289.87 2
289.91 1
289.951 4
289.992 3
290.033 2
290.074 1
290.114 4
290.155 3
290.196 1
290.196 2
290.359 2
290.359 3
290.359 4
290.604 2
290.604 3
290.685 1
290.685 4
290.74 2
290.794 4
290.848 1
290.903 2
290.957 3
291.012 1
291.012 4
291.066 2
291.12 3
291.175 1
291.229 2
291.283 4
291.338 2
291.338 3
291.392 1
291.447 4
291.501 2
291.582 1
291.664 3
291.664 4
291.746 2
291.827 1
291.827 4
291.909 2
291.909 3
291.99 1
291.99 4
292.045 2
292.099 3
292.153 4
292.208 2
292.262 3
292.317 1
292.317 4
292.371 2
292.425 3
292.48 2
292.534 1
292.588 3
292.643 2
292.643 4
292.697 3
292.752 1
292.806 2
292.806 3
292.806 4
292.887 1
292.969 2
292.969 3
292.969 4
293.132 3
293.132 4
293.214 1
293.214 2
293.295 3
293.295 4
293.35 1
293.404 2
293.458 3
293.513 4
293.567 1
293.621 2
293.621 3
293.676 4
293.73 3
293.784 2
293.839 1
293.893 4
293.948 2
293.948 3
294.002 1
294.056 4
294.111 1
294.111 2
294.219 3
294.219 4
294.328 1
294.328 2
294.437 1
294.437 2
294.437 4
294.545 3
294.545 4
294.654 1
294.654 2
294.763 1
294.763 3
294.763 4
294.871 2
294.871 4
294.98 2
294.98 3
295.415 1
295.415 2
295.415 3
295.497 4
295.578 1
295.578 2
295.578 3
295.823 2
295.823 4
295.905 1
295.905 3
295.959 2
296.013 4
296.068 3
296.122 2
296.176 1
296.231 3
296.231 4
296.285 2
296.34 3
296.394 1
296.448 2
296.503 3
296.557 1
296.557 4
296.611 2
296.666 3
296.72 1
296.72 4
296.802 2
296.883 3
296.883 4
297.128 2
297.128 3
297.21 1
297.21 4
297.264 3
297.318 2
297.373 1
297.427 4
297.481 3
297.536 1
297.536 2
297.59 3
297.645 4
297.699 2
297.753 3
297.808 1
297.862 2
297.862 4
297.916 3
297.971 2
298.025 1
298.025 3
298.025 4
298.107 2
298.188 1
298.188 3
298.188 4
298.433 3
298.433 4
298.515 1
298.515 2
298.569 3
298.623 4
298.678 2
298.732 3
298.786 1
298.841 2
298.841 3
298.895 4
298.95 2
299.004 3
299.058 1
299.113 4
299.167 2
299.167 3
299.221 1
299.276 4
299.33 1
299.33 2
299.412 3
299.412 4
299.493 1
299.493 2
299.575 3
299.575 4
299.82 3
299.86 4
299.901 2
299.942 1
299.983 3
300.023 4
300.064 2
300.105 1
300.309 1
300.309 2
300.309 3
300.39 4
300.472 1
300.472 2
300.472 3
300.553 4
300.635 1
300.635 2
300.635 3
300.961 2
301.287 3
301.45 2
301.613 1
301.776 3
301.939 4
302.265 3
302.428 1
302.754 2
303.08 3
303.243 4
303.569 3
303.732 2
304.058 1
304.221 3
304.384 4
304.547 1
304.602 2
305.199 4
305.362 3
305.525 2
305.689 1
305.852 1
306.178 1
306.341 3
306.504 2
306.667 4
306.83 3
306.993 2
307.156 4
307.482 3
307.645 1
307.971 4
308.134 2
308.46 4
309.112 1
309.275 2
309.438 3
309.764 3
310.254 1
310.335 2
310.417 1
310.498 2
310.58 1
310.743 3
310.743 4
311.069 1
311.069 3
311.069 4
311.395 1
311.395 2
311.395 4
311.558 3
311.64 2
311.721 1
311.721 3
311.721 4
311.884 1
311.966 2
312.047 1
312.047 3
312.047 4
312.21 2
312.292 3
312.373 1
312.373 2
312.373 4
312.536 3
312.618 2
312.7 1
312.7 3
312.7 4
312.863 1
312.863 2
312.944 3
313.026 1
313.026 2
313.026 4
313.189 3
313.189 4
313.27 2
313.352 1
313.352 3
313.352 4
313.515 1
313.515 2
313.596 3
313.678 1
313.678 2
313.678 4
313.841 2
313.923 1
314.004 2
314.004 3
314.004 4
314.167 1
314.167 2
314.249 3
314.33 1
314.33 2
314.33 4
314.493 1
314.493 4
314.575 3
314.656 1
314.656 2
314.656 4
314.819 3
314.819 4
314.901 2
314.982 1
314.982 3
314.982 4
315.145 2
315.227 3
315.309 1
315.309 2
315.309 4
315.635 3
315.635 4
315.716 1
315.716 2
315.798 3
315.798 4
315.879 1
315.879 2
315.961 4
316.042 1
316.124 2
316.205 3
316.287 1
316.287 4
316.45 2
316.45 3
316.532 1
316.532 4
316.613 2
316.613 3
316.776 1
316.776 2
316.776 4
316.939 3
316.939 4
317.102 1
317.102 2
317.184 3
317.184 4
317.265 1
317.265 2
317.591 3
317.591 4
317.754 2
317.836 1
317.918 3
317.918 4
318.081 1
318.081 2
318.244 1
318.244 4
318.407 1
318.407 4
318.488 2
318.488 3
318.57 1
318.57 4
318.624 2
318.679 3
318.733 4
318.787 1
318.842 2
318.896 3
318.896 4
319.059 1
319.059 2
319.141 3
319.141 4
319.222 1
319.222 2
319.304 3
319.386 1
319.386 2
319.386 4
319.467 3
319.549 2
319.549 4
319.712 2
319.793 1
319.875 3
319.875 4
320.201 1
320.201 4
320.364 2
320.446 4
320.527 2
320.527 3
320.69 1
320.69 4
320.853 3
320.853 4
321.016 1
321.016 2
321.098 3
321.098 4
321.179 1
321.179 2
321.261 3
321.261 4
321.342 1
321.342 2
321.424 3
321.424 4
321.505 1
321.505 3
321.505 4
321.587 2
321.668 1
321.75 4
321.832 1
321.832 2
321.832 3
321.913 4
321.995 1
321.995 2
322.076 3
322.158 1
322.158 2
322.158 4
322.239 3
322.321 2
322.402 1
322.484 2
322.484 3
322.484 4
322.565 1
322.647 3
322.728 2
322.81 1
322.81 3
322.81 4
322.891 2
322.973 3
323.055 2
323.136 1
323.136 3
323.136 4
323.218 2
323.299 3
323.381 2
323.462 1
323.462 3
323.462 4
323.544 2
323.625 3
323.625 4
323.707 1
323.707 2
323.788 3
323.788 4
323.87 1
323.87 2
323.951 3
323.951 4
324.033 1
324.033 2
324.114 3
324.114 4
324.196 3
324.196 4
324.277 1
324.277 2
324.359 1
324.359 2
324.441 3
324.441 4
324.522 3
324.522 4
324.604 1
324.604 2
324.685 1
324.685 2
324.767 3
324.767 4
324.848 3
324.848 4
324.93 1
324.93 2
325.011 1
325.011 2
325.093 3
325.093 4
325.174 3
325.174 4
325.256 1
325.256 2
325.337 1
325.337 2
325.419 3
325.419 4
325.5 3
325.5 4
325.582 1
325.582 2
325.664 1
325.664 2
325.745 3
325.745 4
325.827 3
325.827 4
325.908 1
325.908 2
325.99 1
325.99 2
326.071 3
326.071 4
328.028 1
328.109 2
328.191 3
328.272 4
328.354 1
328.435 2
328.517 3
328.599 4
328.68 2
329.006 3
329.332 4
329.332 1
329.332 2
329.984 3
329.984 4
330.066 1
330.147 2
330.229 3
330.229 4
330.31 1
330.392 2
330.473 3
330.473 4
330.555 2
330.637 1
330.637 3
330.637 4
330.8 1
330.8 4
330.963 1
330.963 4
331.044 2
331.126 1
331.207 3
331.289 1
331.289 2
331.289 4
331.533 3
331.533 4
331.615 1
331.615 2
331.696 4
331.778 3
331.86 2
331.941 1
331.941 3
331.941 4
332.267 1
332.267 2
332.267 3
332.267 4
332.593 1
332.593 2
332.593 3
332.593 4
332.919 1
332.919 2
332.919 3
332.919 4
333.246 1
333.246 3
333.246 4
333.327 2
333.409 3
333.49 4
333.572 1
333.572 2
333.653 3
333.735 1
333.735 4
333.816 2
333.898 1
333.898 3
333.898 4
333.979 2
334.061 3
334.061 4
334.142 1
334.142 2
334.224 3
334.224 4
334.306 1
334.306 2
334.387 3
334.387 4
334.469 1
334.469 2
334.55 3
334.55 4
334.605 2
334.659 1
334.713 4
334.768 3
334.822 2
334.877 1
334.931 4
334.985 2
335.04 3
335.094 1
335.148 2
335.203 3
335.257 4
335.311 3
335.366 2
335.42 1
335.475 4
335.529 2
335.529 3
335.583 1
335.638 4
335.692 2
335.746 3
335.801 4
335.855 1
335.855 2
335.909 3
335.964 4
336.018 1
336.072 2
336.127 3
336.181 4
336.235 1
336.29 2
336.344 3
336.398 4
336.453 1
336.507 2
336.507 3
336.561 4
336.616 1
336.67 2
336.724 3
336.779 4
336.833 1
336.833 2
336.887 3
336.942 4
336.996 2
337.05 1
337.105 3
337.159 2
337.159 4
337.214 1
337.268 3
337.322 2
337.377 1
337.431 4
337.485 2
337.54 3
337.594 4
337.648 1
337.648 2
337.703 3
337.757 4
337.811 1
337.811 2
337.866 3
337.92 4
337.974 1
338.029 2
338.083 3
338.137 4
338.192 2
338.246 1
338.3 4
338.355 3
338.409 2
338.463 1
338.518 4
338.572 3
338.626 2
338.681 1
338.735 4
338.789 3
338.844 2
338.898 1
338.953 4
339.007 3
339.061 2
339.116 1
339.116 4
339.17 2
339.224 3
339.279 4
339.333 1
339.387 2
339.442 3
339.442 4
339.496 1
339.55 2
339.605 3
339.659 4
339.713 1
339.768 2
339.768 3
339.822 4
339.876 1
339.931 3
339.985 4
340.039 2
340.094 3
340.148 4
340.202 2
340.257 3
340.311 1
340.365 4
340.42 3
340.474 2
340.528 1
340.583 4
340.637 3
340.692 2
340.746 1
340.8 4
340.855 2
340.909 3
340.963 4
341.018 1
341.072 2
341.072 3
341.126 4
341.181 1
341.235 2
341.289 3
341.344 4
341.398 2
341.452 1
341.507 4
341.561 3
341.615 2
341.67 1
341.724 3
341.724 4
341.778 2
341.833 1
341.887 4
341.941 2
341.996 3
342.05 1
342.05 4
342.104 2
342.159 3
342.213 1
342.267 2
342.322 4
342.376 1
342.376 3
342.431 2
342.485 4
342.539 1
342.594 3
342.648 4
342.702 1
342.702 2
342.757 3
342.811 4
342.865 2
342.92 1
342.974 4
343.028 2
343.028 3
343.083 1
343.137 4
343.191 3
343.246 2
343.3 1
343.354 3
343.354 4
343.409 2
343.463 4
343.517 1
343.517 3
343.572 2
343.626 4
343.68 1
343.735 2
343.789 3
343.843 4
343.898 1
343.952 2
344.006 3
344.061 4
344.115 2
344.17 3
344.224 1
344.278 4
344.333 2
344.333 3
344.387 1
344.441 4
344.496 2
344.55 3
344.604 4
344.659 1
344.659 2
344.713 3
344.767 4
344.822 2
344.876 1
344.93 4
344.985 2
344.985 3
345.039 1
345.093 4
345.148 3
345.202 2
345.256 1
345.311 4
345.365 2
345.419 3
345.474 1
345.528 2
345.582 3
345.637 4
345.691 2
345.745 3
345.8 1
345.854 2
345.909 3
345.963 1
345.963 4
346.017 2
346.072 3
346.126 4
346.18 1
346.235 2
346.289 3
346.289 4
346.343 1
346.398 2
346.452 4
346.506 3
346.561 2
346.615 1
346.669 4
346.724 3
346.778 2
346.832 1
346.887 4
346.941 2
346.941 3
346.995 1
347.05 4
347.104 3
347.159 2
347.213 1
347.267 3
347.267 4
347.322 2
347.376 1
347.43 4
347.485 3
347.539 4
347.594 1
347.594 2
347.675 1
347.675 2
347.757 4
347.838 2
347.838 3
347.92 1
348.001 2
348.083 3
348.083 4
348.164 3
348.164 4
348.246 1
348.328 2
348.328 3
348.409 4
348.491 2
348.572 1
348.572 3
348.572 4
348.654 3
348.654 4
348.735 2
348.817 2
348.898 4
348.98 4
349.061 1
349.061 2
349.143 1
349.143 2
349.224 3
349.306 3
349.387 1
349.469 1
349.551 2
349.551 3
349.605 4
349.659 1
349.714 2
349.768 3
349.822 4
349.877 1
349.877 2
349.931 3
349.985 4
350.04 1
350.094 2
350.148 3
350.203 1
350.203 2
350.203 4
350.257 3
350.311 4
350.366 1
350.42 2
350.474 3
350.529 4
350.583 1
350.637 3
350.692 2
350.746 4
350.8 1
350.855 2
350.909 4
350.963 3
351.018 2
351.072 1
351.127 4
351.181 3
351.235 2
351.29 1
351.344 3
351.398 2
351.453 4
351.507 1
351.507 3
351.561 2
351.616 4
351.67 3
351.724 1
351.779 2
351.833 3
351.887 4
351.942 1
351.996 2
352.05 3
352.105 4
352.159 1
352.159 2
352.213 3
352.268 4
352.322 2
352.376 3
352.431 4
352.485 1
352.485 2
352.539 3
352.594 4
352.648 1
352.702 2
352.757 3
352.811 1
352.811 4
352.866 2
352.92 3
352.974 1
353.029 2
353.083 4
353.137 1
353.137 3
353.192 2
353.246 4
353.3 3
353.355 2
353.409 1
353.463 3
353.463 4
353.518 2
353.572 1
353.626 4
353.681 3
353.735 2
353.789 1
353.789 4
353.844 3
353.898 2
353.952 4
354.007 1
354.061 2
354.115 3
354.115 4
354.17 1
354.224 2
354.278 4
354.333 1
354.387 3
354.441 4
354.496 2
354.55 3
354.605 1
354.659 4
354.713 3
354.768 1
354.768 2
354.822 4
354.876 3
354.931 2
354.985 1
355.039 4
355.094 2
355.094 3
355.148 1
355.202 4
355.257 3
355.311 2
355.365 1
355.42 3
355.42 4
355.474 2
355.528 1
355.583 4
355.637 3
355.691 1
355.746 2
355.8 3
355.854 1
355.909 4
355.963 3
356.017 2
356.072 4
356.126 3
356.18 1
356.235 2
356.289 3
356.344 4
356.398 1
356.398 2
356.452 3
356.507 4
356.561 1
356.615 2
356.67 3
356.724 1
356.724 4
356.778 2
356.833 3
356.887 4
356.941 1
356.996 2
357.05 3
357.104 4
357.159 2
357.213 3
357.267 4
357.322 1
357.376 2
357.376 3
357.43 4
357.485 1
357.539 2
357.593 3
357.648 4
357.702 1
357.702 2
357.756 3
357.811 4
357.865 1
357.919 2
357.974 3
358.028 1
358.028 4
358.083 2
358.137 3
358.191 1
358.246 2
358.3 4
358.354 1
358.409 3
358.463 4
358.517 1
358.517 2
358.572 3
358.626 4
358.68 1
358.68 2
358.735 3
358.789 4
358.843 2
358.898 1
358.952 4
359.006 3
359.061 2
359.115 1
359.169 4
359.224 2
359.278 3
359.332 1
359.387 4
359.441 3
359.495 2
359.55 1
359.604 4
359.658 2
359.658 3
359.713 1
359.767 4
359.822 2
359.876 1
359.93 4
359.985 2
359.985 3
360.039 1
360.093 4
360.148 2
360.202 3
360.256 1
360.311 2
360.311 4
360.365 3
360.419 1
360.474 4
360.528 3
360.582 2
360.637 1
360.637 3
360.637 4
360.691 2
360.745 1
360.8 3
360.854 2
360.908 1
360.963 4
361.017 3
361.071 2
361.126 1
361.18 3
361.234 2
361.289 4
361.343 1
361.397 2
361.452 3
361.506 4
361.561 2
361.615 3
361.669 1
361.724 2
361.778 3
361.832 4
361.887 1
361.941 2
361.941 3
361.995 4
362.05 1
362.104 2
362.158 3
362.213 4
362.267 1
362.321 2
362.376 3
362.43 4
362.484 2
362.539 3
362.593 1
362.593 4
362.647 2
362.702 3
362.756 4
362.81 1
362.865 2
362.919 3
362.919 4
362.973 1
363.028 2
363.082 3
363.136 4
363.191 2
363.245 1
363.245 3
363.3 4
363.354 2
363.408 3
363.463 1
363.517 4
363.571 2
363.571 3
363.626 1
363.68 4
363.734 3
363.789 2
363.843 1
363.897 3
363.897 4
363.952 2
364.006 1
364.06 4
364.115 2
364.169 3
364.223 1
364.223 4
364.278 2
364.332 3
364.386 1
364.386 4
364.441 2
364.495 3
364.549 4
364.604 1
364.658 2
364.712 3
364.767 4
364.821 1
364.875 3
364.93 2
364.984 4
365.039 3
365.093 2
365.147 1
365.202 3
365.202 4
365.256 2
365.31 1
365.365 4
365.419 2
365.473 3
365.528 1
365.528 4
365.582 2
365.636 3
365.691 4
365.745 2
365.799 3
365.854 1
365.854 4
365.908 2
365.962 3
366.017 1
366.071 2
366.125 4
366.18 3
366.234 2
366.288 1
366.343 3
366.397 2
366.451 4
366.506 3
366.56 2
366.614 1
366.669 3
366.723 4
366.778 2
366.832 1
366.832 3
366.886 4
366.941 2
366.995 1
367.049 3
367.104 4
367.158 1
367.158 2
367.212 3
367.267 4
367.321 2
367.375 1
367.43 4
367.484 2
367.484 3
367.538 1
367.593 4
367.647 2
367.647 3
367.701 1
367.756 4
367.81 3
367.864 2
367.919 1
367.973 3
367.973 4
368.027 2
368.082 1
368.136 3
368.136 4
368.19 2
368.245 1
368.299 4
368.353 3
368.408 2
368.462 1
368.462 4
368.517 3
368.571 2
368.625 1
368.68 3
368.734 2
368.788 4
368.843 1
368.897 2
368.951 3
369.006 4
369.06 2
369.114 3
369.169 1
369.223 2
369.277 3
369.332 4
369.386 1
369.44 2
369.44 3
369.495 4
369.549 1
369.603 3
369.658 2
369.712 1
369.766 3
369.766 4
369.821 2
369.875 1
369.929 3
369.984 4
370.038 2
370.092 3
370.147 4
370.201 1
370.256 2
370.256 3
370.31 4
370.364 1
370.419 2
370.473 3
370.527 4
370.582 2
370.636 1
370.69 4
370.745 2
370.745 3
370.799 1
370.853 4
370.908 3
370.962 2
371.016 1
371.071 3
371.071 4
371.125 2
371.179 4
371.234 1
371.288 2
371.342 3
371.397 1
371.451 2
371.505 4
371.56 3
371.614 2
371.668 1
371.723 4
371.777 3
371.831 2
371.886 1
371.94 4
371.995 2
372.049 1
372.049 3
372.103 4
372.158 2
372.212 3
372.266 1
372.321 4
372.375 2
372.375 3
372.429 1
372.484 4
372.538 3
372.592 2
372.647 1
372.701 4
372.755 3
372.81 2
372.864 1
372.864 4
372.918 3
372.973 2
373.027 1
373.081 3
373.136 4
373.19 2
373.245 3
373.299 1
373.353 2
373.353 4
373.408 3
373.462 1
373.516 2
373.571 3
373.625 4
373.68 1
373.68 2
373.68 3
373.761 4
373.843 3
373.924 1
373.924 2
373.924 4
374.006 3
374.087 2
374.169 1
374.169 3
374.169 4
374.25 2
374.332 3
374.414 1
374.414 2
374.414 4
374.495 3
374.577 2
374.658 1
374.658 3
374.658 4
374.74 2
374.821 1
374.903 4
374.984 1
374.984 2
374.984 3
375.066 4
375.147 1
375.147 2
375.229 3
375.229 4
375.31 1
375.31 2
375.392 3
375.392 4
375.473 1
375.473 2
375.555 3
375.637 1
375.637 2
375.637 4
375.718 3
375.8 1
375.8 2
375.8 4
375.881 3
375.963 1
375.963 2
375.963 4
376.044 3
376.126 1
376.126 2
376.207 3
376.207 4
376.289 1
376.329 2
376.37 3
376.411 4
376.452 1
376.492 2
376.533 3
376.574 4
376.615 1
376.655 2
376.696 3
376.737 4
376.778 1
376.818 2
376.859 3
376.9 4
376.941 1
376.981 2
377.022 3
377.063 4
377.104 1
377.144 2
377.185 3
377.226 4
377.267 1
377.307 2
377.348 3
377.389 4
377.43 1
377.47 2
377.511 3
377.552 4
377.593 1
377.633 2
377.674 3
377.715 4
377.756 1
377.796 2
377.837 3
377.878 4
377.919 1
377.959 2
378.0 3
378.041 4
378.082 1
378.122 2
378.163 3
378.204 4
378.245 1
378.245 2
378.299 3
378.353 4
378.408 1
378.462 2
378.516 3
378.571 1
378.571 4
378.625 3
378.679 2
378.734 1
378.788 4
378.842 3
378.897 1
378.897 2
378.897 4
378.951 3
379.005 2
379.06 1
379.114 4
379.168 3
379.223 1
379.223 2
379.223 4
379.277 3
379.331 2
379.386 1
379.44 4
379.494 2
379.549 3
379.603 1
379.657 2
379.712 3
379.766 4
379.821 1
379.875 2
379.875 3
379.929 4
379.984 1
380.038 2
380.092 3
380.147 4
380.201 1
380.201 2
380.255 3
380.31 4
380.364 1
380.418 2
380.473 4
380.527 1
380.527 3
380.581 2
380.636 4
380.69 1
380.744 3
380.799 4
380.853 1
380.853 2
380.907 3
380.962 4
381.016 2
381.07 3
381.125 1
381.179 2
381.179 4
381.233 3
381.288 1
381.342 2
381.396 4
381.451 1
381.505 2
381.505 3
381.56 4
381.614 1
381.668 2
381.723 3
381.777 4
381.831 1
381.831 2
381.886 3
381.94 4
381.994 2
382.049 1
382.103 4
382.157 2
382.157 3
382.212 1
382.266 4
382.32 3
382.375 2
382.429 1
382.483 3
382.483 4
382.538 2
382.592 1
382.646 3
382.701 4
382.755 2
382.809 1
382.809 3
382.864 4
382.918 2
382.972 3
383.027 4
383.081 2
383.135 1
383.135 3
383.19 4
383.244 2
383.299 3
383.353 1
383.407 2
383.462 3
383.462 4
383.516 1
383.57 2
383.625 3
383.679 4
383.733 1
383.788 2
383.788 3
383.842 4
383.896 1
383.951 2
384.005 4
384.059 3
384.114 1
384.114 2
384.168 4
384.222 3
384.277 1
384.331 2
384.385 3
384.44 1
384.44 4
384.494 2
384.548 3
384.603 1
384.657 2
384.711 3
384.766 4
384.82 1
384.874 2
384.929 3
384.983 4
385.038 2
385.092 1
385.092 3
385.146 4
385.201 2
385.255 1
385.309 4
385.364 3
385.418 1
385.418 2
385.472 4
385.527 3
385.581 2
385.635 1
385.69 4
385.744 2
385.744 3
385.798 1
385.853 4
385.907 3
385.961 2
386.016 1
386.07 3
386.07 4
386.124 2
386.179 1
386.233 3
386.287 2
386.342 4
386.396 1
386.396 3
386.45 2
386.505 4
386.559 1
386.613 2
386.668 3
386.722 1
386.722 4
386.777 2
386.831 3
386.885 1
386.94 2
386.994 4
387.048 1
387.048 3
387.103 2
387.157 4
387.211 3
387.266 2
387.32 1
387.374 3
387.374 4
387.429 2
387.483 1
387.537 3
387.592 2
387.646 4
387.7 1
387.7 3
387.755 2
387.809 4
387.863 3
387.918 2
387.972 1
388.026 3
388.081 2
388.135 4
388.189 3
388.244 2
388.298 1
388.352 3
388.352 4
388.407 2
388.461 1
388.516 3
388.57 2
388.624 4
388.679 1
388.679 3
388.733 2
388.787 4
388.842 1
388.896 2
388.95 3
389.005 1
389.005 4
389.059 2
389.113 3
389.168 1
389.222 4
389.276 3
389.331 1
389.331 2
389.385 4
389.439 3
389.494 2
389.548 1
389.602 4
389.657 2
389.657 3
389.711 1
389.765 4
389.82 2
389.874 3
389.928 1
389.983 2
390.037 3
390.091 4
390.146 1
390.2 2
390.255 3
390.309 1
390.309 4
390.363 2
390.418 3
390.472 1
390.526 2
390.581 4
390.635 1
390.635 3
390.689 2
390.744 4
390.798 3
390.852 2
390.907 1
390.961 3
390.961 4
391.015 2
391.07 1
391.124 3
391.178 2
391.233 4
391.287 1
391.287 3
391.341 2
391.396 4
391.45 3
391.504 2
391.559 1
391.613 3
391.613 4
391.667 2
391.722 1
391.776 3
391.83 2
391.885 4
391.939 1
391.939 3
391.994 2
392.048 4
392.102 1
392.157 2
392.211 3
392.265 1
392.265 4
392.32 2
392.374 3
392.428 4
392.483 2
392.537 3
392.591 1
392.591 4
392.646 2
392.7 3
392.754 1
392.809 2
392.863 3
392.917 1
392.917 4
392.972 2
393.026 3
393.08 4
393.135 1
393.189 2
393.243 3
393.243 4
393.298 1
393.352 2
393.406 3
393.461 4
393.515 2
393.569 1
393.569 3
393.624 4
393.678 2
393.733 3
393.787 1
393.841 4
393.896 2
393.896 3
393.95 1
394.004 4
394.059 3
394.113 2
394.167 1
394.222 3
394.222 4
394.276 2
394.33 1
394.385 4
394.439 2
394.493 3
394.548 1
394.548 4
394.602 2
394.656 3
394.711 4
394.765 2
394.819 3
394.874 1
394.874 4
394.928 2
394.982 3
395.037 4
395.091 1
395.145 2
395.2 3
395.254 4
395.308 2
395.363 3
395.417 4
395.472 1
395.526 2
395.526 3
395.58 4
395.635 1
395.689 2
395.743 3
395.798 4
395.852 1
395.852 2
395.906 3
395.961 4
396.015 2
396.069 1
396.124 4
396.178 2
396.178 3
396.232 1
396.287 4
396.341 2
396.395 3
396.45 4
396.504 1
396.504 2
396.558 3
396.613 4
396.667 2
396.721 3
396.776 1
396.83 2
396.884 3
396.939 4
396.993 1
397.047 2
397.102 3
397.156 1
397.156 4
397.211 2
397.265 3
397.319 4
397.374 2
397.428 3
397.482 1
397.482 4
397.537 2
397.591 3
397.645 1
397.7 2
397.754 4
397.808 3
397.863 2
397.917 1
397.971 4
398.026 2
398.08 3
398.134 1
398.134 4
398.189 2
398.243 3
398.297 1
398.352 2
398.406 3
398.46 1
398.46 4
398.515 2
398.569 3
398.623 4
398.678 2
398.732 1
398.786 3
398.786 4
398.841 2
398.895 1
398.95 4
399.004 2
399.058 3
399.113 1
399.113 4
399.167 2
399.221 3
399.276 1
399.33 2
399.384 3
399.439 1
399.439 4
399.493 2
399.547 3
399.602 4
399.656 1
399.71 2
399.765 3
399.765 4
399.819 1
399.873 2
399.928 3
399.982 4
400.036 2
400.091 1
400.091 3
400.145 4
400.199 2
400.254 3
400.308 1
400.362 2
400.417 3
400.471 4
400.525 1
400.58 2
400.634 3
400.689 4
400.743 1
400.743 2
400.797 3
400.852 4
400.906 2
400.96 3
401.015 1
401.069 2
401.069 4
401.123 3
401.178 1
401.232 2
401.286 3
401.341 4
401.395 2
401.449 3
401.504 1
401.558 4
401.612 3
401.667 2
401.721 1
401.721 4
401.775 3
401.83 2
401.884 1
401.938 4
401.993 3
402.047 1
402.047 2
402.101 4
402.156 3
402.21 1
402.264 2
402.319 3
402.373 1
402.373 4
402.428 2
402.482 3
402.536 1
402.591 4
402.645 3
402.699 1
402.699 2
402.754 4
402.808 3
402.862 2
402.917 1
402.971 4
403.025 2
403.025 3
403.08 1
403.134 4
403.188 3
403.243 2
403.297 1
403.352 3
403.352 4
403.406 2
403.46 1
403.515 4
403.569 3
403.623 2
403.678 1
403.678 3
403.678 4
403.759 2
403.841 3
403.922 1
403.922 2
403.922 4
404.004 3
404.086 2
404.167 1
404.167 3
404.167 4
404.249 2
404.33 3
404.412 1
404.412 2
404.412 4
404.493 3
404.575 2
404.657 1
404.657 3
404.657 4
404.738 2
404.82 3
404.901 4
404.983 1
404.983 2
404.983 3
405.064 4
405.146 1
405.146 2
405.146 3
405.2 4
405.255 1
405.309 2
405.363 3
405.418 4
405.472 1
405.472 2
405.527 3
405.581 4
405.635 1
405.69 2
405.744 3
405.798 4
405.839 1
405.88 2
405.921 3
405.962 4
406.002 1
406.043 2
406.084 3
406.125 4
406.165 1
406.206 2
406.247 3
406.288 4
406.342 1
406.397 2
406.451 3
406.451 4
406.505 1
406.56 2
406.614 3
406.668 4
406.723 1
406.777 2
406.818 3
406.859 4
406.9 1
406.94 2
406.981 3
407.022 4
407.063 1
407.103 2
407.185 3
407.266 1
407.266 4
407.348 2
407.348 3
407.429 1
407.429 4
407.511 2
407.592 1
407.592 3
407.592 4
407.674 2
407.755 3
407.755 4
407.837 2
407.918 1
407.918 3
407.918 4
408.0 2
408.081 1
408.081 4
408.163 3
408.244 1
408.244 2
408.244 4
408.326 3
408.407 1
408.407 2
408.489 4
408.57 1
408.57 2
408.57 3
408.652 4
408.733 1
408.733 2
408.815 3
408.897 1
408.897 2
408.897 4
408.978 3
409.06 1
409.06 4
409.141 2
409.223 1
409.223 3
409.223 4
409.304 2
409.386 3
409.386 4
409.467 1
409.549 2
409.549 3
409.549 4
409.63 1
409.712 3
409.712 4
409.793 2
409.875 1
409.875 3
409.875 4
409.956 2
410.038 1
410.038 4
410.12 3
410.201 1
410.201 2
410.201 4
410.283 3
410.364 1
410.364 2
410.446 4
410.527 1
410.527 2
410.527 3
410.609 4
410.69 1
410.69 2
410.772 3
410.853 1
410.853 2
410.853 4
410.935 3
411.016 1
411.016 2
411.098 4
411.179 1
411.179 2
411.179 3
411.261 4
411.342 1
411.342 2
411.424 3
411.506 1
411.506 2
411.506 4
411.587 3
411.669 1
411.669 2
411.75 4
411.832 1
411.832 2
411.832 3
411.913 4
411.995 1
411.995 3
412.076 2
412.158 1
412.158 3
412.158 4
412.239 2
412.321 1
412.321 3
412.321 4
412.402 2
412.484 1
412.484 3
412.484 4
412.565 2
412.647 1
412.647 3
412.647 4
412.729 2
412.81 1
412.81 3
412.81 4
412.892 2
412.973 3
412.973 4
413.055 2
413.136 1
413.136 3
413.136 4
413.218 2
413.299 3
413.299 4
413.381 1
413.462 2
413.462 3
413.462 4
413.544 1
413.625 3
413.625 4
413.707 2
413.788 1
413.788 3
413.788 4
413.87 2
413.951 3
413.951 4
414.033 1
414.115 2
414.115 3
414.115 4
414.196 1
414.278 3
414.278 4
414.359 2
414.441 1
414.441 3
414.441 4
414.522 2
414.604 3
414.604 4
414.685 1
414.767 2
414.767 3
414.767 4
414.848 1
414.93 3
414.93 4
415.011 2
415.093 1
415.093 3
415.093 4
415.174 2
415.256 3
415.256 4
415.338 1
415.419 2
415.419 3
415.419 4
415.501 1
415.582 2
415.582 4
415.664 3
415.745 1
415.745 2
415.745 4
415.827 3
415.908 1
415.908 2
415.99 4
416.071 1
416.071 2
416.071 3
416.153 4
416.234 1
416.234 2
416.316 3
416.397 1
416.397 2
416.397 4
416.479 3
416.56 1
416.56 2
416.642 4
416.724 1
416.724 2
416.724 3
416.805 4
416.887 1
416.887 2
416.887 3
416.968 4
417.05 1
417.131 2
417.131 3
417.131 4
417.213 1
417.294 2
417.376 1
417.376 3
417.376 4
417.457 2
417.539 3
417.539 4
417.62 1
417.62 2
417.702 3
417.702 4
417.784 1
417.784 2
417.865 3
417.865 4
417.947 1
417.947 2
418.028 3
418.028 4
418.11 2
418.191 3
418.191 4
418.273 2
418.355 1
418.355 4
418.409 3
418.463 2
418.518 1
418.518 4
418.572 3
418.626 2
418.681 1
418.681 4
418.735 3
418.79 2
418.844 1
418.844 4
418.898 3
418.953 2
419.007 1
419.007 4
419.089 3
419.17 1
419.17 2
419.252 3
419.333 1
419.333 4
419.415 2
419.496 3
419.496 4
419.578 2
419.66 1
419.66 4
419.714 3
419.768 2
419.823 1
419.823 4
419.877 3
419.931 2
419.986 1
419.986 4
420.04 3
420.095 2
420.149 1
420.149 4
420.203 3
420.258 2
420.312 1
420.312 4
420.394 2
420.394 3
420.475 1
420.475 4
420.557 3
420.638 1
420.638 2
420.801 1
420.801 2
420.883 3
420.883 4
420.965 1
420.965 2
421.019 3
421.073 4
421.128 1
421.182 2
421.236 3
421.291 4
421.345 1
421.4 2
421.454 3
421.454 4
421.535 2
421.617 1
421.617 3
421.617 4
421.78 1
421.78 2
421.78 3
421.78 4