0.036 1
0.36 4
0.522 4
0.684 4
0.846 1
1.008 1
1.171 1
1.333 3
1.495 3
1.657 3
1.819 3
1.981 2
2.144 2
2.306 2
2.468 4
2.63 4
2.792 1
2.954 4
3.117 3
3.279 2
3.441 2
3.603 2
3.765 4
3.927 4
4.09 4
4.252 4
4.414 4
4.576 1
4.738 1
4.9 2
5.063 2
5.225 3
5.225 4
5.387 1
5.549 2
5.711 2
5.873 4
6.035 1
6.198 1
6.36 3
6.522 4
6.684 2
6.846 3
7.008 3
7.171 1
7.333 4
7.495 4
7.657 2
7.819 3
7.981 1
8.144 4
8.306 4
8.468 3
8.63 1
8.792 1
8.954 4
9.117 1
9.117 2
9.279 3
9.279 4
9.441 1
9.441 2
9.603 3
9.603 4
9.765 1
10.09 3
10.414 1
10.414 2
10.576 4
10.738 1
10.738 3
10.9 2
11.063 4
11.225 1
11.225 2
11.387 3
11.387 4
11.549 1
11.711 2
11.711 4
11.873 3
12.035 1
12.035 2
12.198 4
12.36 3
12.522 1
12.522 2
12.684 3
12.684 4
12.846 1
13.008 2
13.008 4
13.171 3
13.333 1
13.333 2
13.495 4
13.657 3
13.819 1
13.819 2
13.981 3
13.981 4
14.144 2
14.306 1
14.306 4
14.468 3
14.63 1
14.63 2
14.792 4
14.873 3
14.954 2
15.117 1
15.117 4
15.279 2
15.279 3
15.441 1
15.603 3
15.603 4
15.765 2
15.927 1
15.927 4
16.09 3
16.252 2
16.414 1
16.414 4
16.576 2
16.576 3
16.738 4
16.9 1
16.9 2
17.063 3
17.225 1
17.225 4
17.387 2
17.549 3
17.711 1
17.711 4
17.873 2
17.873 3
18.035 4
18.198 1
18.198 2
18.36 3
18.522 1
18.522 4
18.684 2
18.846 3
19.008 2
19.008 4
19.171 1
19.171 3
19.333 4
19.495 1
19.495 2
19.657 3
19.819 2
19.819 4
19.981 1
20.063 3
20.144 2
20.306 3
20.306 4
20.468 1
20.468 2
20.63 4
20.792 1
20.792 3
20.954 2
21.117 3
21.117 4
21.279 1
21.441 2
21.603 3
21.603 4
21.765 1
21.765 2
21.927 4
22.09 1
22.09 3
22.252 2
22.414 3
22.414 4
22.576 1
22.738 3
22.9 2
22.9 4
23.063 1
23.063 3
23.225 2
23.387 3
23.387 4
23.549 1
23.711 2
23.711 4
23.873 3
24.035 1
24.198 2
24.198 4
24.36 1
24.36 3
24.522 4
24.684 1
24.684 2
24.846 3
24.846 4
25.008 1
25.008 2
25.171 4
25.252 3
25.333 2
25.657 4
25.819 1
25.981 2
25.981 3
26.144 1
26.306 3
26.306 4
26.468 2
26.63 4
26.792 1
26.792 3
26.954 2
26.954 4
27.117 3
27.279 1
27.279 2
27.441 3
27.441 4
27.603 1
27.603 2
27.765 4
27.927 2
28.09 1
28.09 3
28.252 2
28.252 4
28.414 1
28.576 3
28.576 4
28.738 2
28.9 1
28.9 4
29.063 3
29.225 2
29.387 3
29.387 4
29.549 1
29.549 2
29.711 4
29.873 1
29.873 3
30.035 2
30.198 3
30.198 4
30.36 1
30.441 2
30.522 3
30.684 1
30.684 4
30.846 2
30.846 3
31.008 4
31.171 1
31.171 2
31.333 2
31.495 4
31.657 1
31.819 3
31.981 2
32.144 4
32.306 1
32.468 2
32.63 3
32.792 4
32.954 2
33.279 1
33.441 3
33.603 2
33.765 1
33.927 1
34.09 4
34.252 2
34.414 3
34.576 1
34.738 4
34.9 2
35.063 1
35.225 3
35.387 2
35.549 4
35.873 1
36.035 3
36.198 2
36.36 1
36.522 1
36.684 4
36.846 3
37.008 2
37.171 4
37.333 1
37.495 3
37.657 2
37.819 4
37.981 3
38.144 1
38.468 4
38.63 3
38.792 2
38.954 4
39.117 4
39.279 1
39.441 3
39.603 2
39.765 4
39.927 1
40.09 3
40.252 2
40.414 4
40.576 3
40.738 2
41.063 4
41.225 1
41.387 3
41.549 1
41.549 2
41.711 1
41.873 3
41.873 4
42.035 2
42.198 1
42.36 3
42.36 4
42.522 1
42.522 2
42.684 4
42.846 1
42.846 3
43.008 2
43.171 3
43.171 4
43.333 1
43.657 2
43.657 4
43.819 1
43.819 3
43.981 2
44.144 3
44.144 4
44.306 4
44.468 1
44.468 2
44.63 3
44.792 4
44.954 1
44.954 2
45.117 3
45.117 4
45.279 2
45.441 1
45.441 4
45.603 3
45.765 1
45.765 2
45.927 4
46.252 1
46.252 3
46.414 2
46.414 4
46.576 3
46.738 1
46.738 2
46.9 1
47.063 3
47.063 4
47.225 2
47.387 4
47.549 1
47.549 3
47.711 2
47.711 4
47.873 3
48.035 1
48.035 2
48.198 4
48.36 2
48.36 3
48.522 1
48.846 3
48.846 4
49.008 1
49.008 2
49.171 4
49.252 3
49.333 1
49.333 2
49.495 3
49.495 4
49.657 1
49.657 4
49.819 2
49.9 3
49.981 1
50.144 2
50.144 4
50.306 1
50.306 3
50.468 2
50.63 4
50.63 3
50.954 1
51.117 2
51.279 4
51.441 3
51.603 1
51.765 2
51.927 3
51.927 4
52.09 4
52.252 1
52.252 2
52.414 3
52.576 1
52.738 3
52.738 4
52.9 1
52.9 2
53.063 4
53.225 1
53.225 2
53.387 3
53.549 1
53.549 2
53.711 4
53.873 1
54.035 2
54.035 3
54.198 1
54.198 4
54.36 3
54.522 1
54.522 2
54.684 2
54.846 3
54.846 4
55.008 1
55.171 3
55.333 1
55.333 2
55.495 3
55.495 4
55.657 1
55.819 2
55.819 4
55.981 3
56.144 1
56.144 2
56.306 4
56.387 3
56.468 2
56.63 1
56.63 4
56.792 2
56.792 3
57.279 4
57.441 3
57.441 4
57.603 1
57.603 2
57.765 3
57.765 4
57.927 1
57.927 2
58.09 3
58.09 4
58.252 1
58.414 2
58.414 4
58.576 3
58.738 1
58.738 4
58.9 2
59.063 4
59.225 1
59.225 3
59.387 2
59.387 4
59.549 3
59.711 1
59.711 2
59.873 1
60.035 3
60.035 4
60.198 2
60.36 1
60.522 3
60.522 4
60.684 1
60.684 2
60.846 4
61.008 1
61.008 3
61.171 2
62.306 1
62.306 2
62.468 2
62.63 3
62.63 4
62.792 1
62.954 2
63.117 3
63.117 4
63.279 1
63.279 2
63.441 4
63.603 1
63.603 3
63.765 1
63.927 3
63.927 4
64.09 1
64.252 1
64.414 2
64.414 4
64.576 1
64.576 3
64.738 2
64.9 3
64.9 4
65.063 4
65.225 1
65.225 2
65.387 3
65.549 1
65.711 2
65.711 4
65.873 1
65.873 3
66.035 4
66.198 1
66.198 2
66.36 1
66.522 3
66.522 4
66.684 1
66.765 4
66.846 1
67.008 2
67.008 3
67.171 4
67.495 1
67.495 2
67.657 3
67.738 2
67.819 1
67.819 4
67.981 3
68.144 3
68.306 1
68.306 2
68.468 3
68.468 4
68.63 2
68.792 1
68.792 4
68.954 4
69.117 1
69.117 2
69.279 4
69.441 4
69.603 1
69.603 3
69.765 2
69.765 4
69.927 3
70.09 1
70.09 2
70.252 1
70.414 3
70.414 4
70.576 2
70.738 4
70.9 1
70.9 3
71.063 2
71.063 4
71.225 3
71.387 1
71.387 2
71.549 3
71.549 4
71.711 1
71.711 2
71.873 3
71.873 4
72.035 1
72.035 2
72.198 1
72.198 2
72.36 4
72.441 3
72.522 2
72.603 1
72.684 3
72.684 4
75.279 1
75.279 4
75.441 1
75.603 3
75.603 4
75.927 2
76.09 1
76.252 3
76.252 4
76.414 2
76.576 1
76.576 4
76.738 3
76.9 1
76.9 2
77.063 4
77.225 2
77.387 1
77.387 3
77.549 2
77.549 4
77.711 1
77.792 3
77.873 2
77.873 4
78.035 4
78.198 2
78.198 3
78.36 1
78.441 2
78.522 3
78.684 1
78.684 4
78.846 2
78.846 3
79.008 1
79.171 3
79.171 4
79.333 2
79.495 1
79.495 4
79.657 3
79.738 2
79.819 4
79.981 1
79.981 3
80.144 2
80.468 3
80.468 4
80.63 1
80.792 1
80.792 3
80.954 2
81.035 4
81.117 3
81.279 1
81.279 2
81.441 3
81.441 4
81.765 1
81.765 2
81.927 3
82.008 2
82.09 1
82.09 4
82.252 3
82.333 2
82.414 1
82.576 3
82.576 4
82.738 1
82.738 2
83.063 3
83.063 4
83.225 2
83.306 3
83.387 1
83.387 4
83.468 2
83.549 3
83.63 4
83.711 1
83.873 2
83.873 3
84.035 1
84.035 4
84.198 3
84.279 2
84.36 1
84.36 4
84.522 4
84.684 1
84.684 2
84.846 3
84.927 2
85.008 1
85.171 3
85.171 4
85.333 2
85.333 4
85.495 1
85.657 3
85.657 2
85.819 3
85.981 1
85.981 4
86.306 2
86.468 1
86.468 3
86.63 1
86.63 2
86.792 4
86.873 3
86.954 1
86.954 2
87.117 3
87.198 2
87.279 1
87.279 4
87.441 2
87.603 3
87.765 1
87.846 2
87.927 3
87.927 4
88.09 1
88.252 2
88.252 4
88.333 3
88.414 1
88.576 2
88.576 4
88.9 1
89.063 2
89.063 3
89.225 1
89.225 4
89.387 2
89.468 4
89.549 1
89.549 3
89.711 2
89.792 3
89.873 1
89.873 4
90.035 2
90.117 3
90.198 1
90.36 2
90.36 4
90.522 1
90.846 3
90.846 4
91.008 2
91.171 1
91.171 4
91.333 3
91.495 2
91.657 3
91.657 4
91.819 1
91.819 2
91.981 4
92.144 1
92.144 3
92.468 2
92.468 4
92.63 3
92.792 1
92.954 2
92.954 4
93.117 1
93.117 3
93.279 2
93.441 3
93.441 4
93.765 1
93.765 2
93.927 3
94.09 4
94.252 1
94.252 2
94.414 3
94.414 4
94.576 2
94.738 1
94.738 4
94.9 3
95.063 1
95.063 2
95.225 4
95.306 3
95.387 2
95.549 1
95.549 4
95.711 2
95.711 3
95.873 1
95.954 2
96.035 3
96.035 4
96.36 1
96.36 2
96.846 1
96.846 4
97.008 2
97.008 3
97.333 1
97.333 2
97.657 3
97.657 4
97.981 1
97.981 2
98.144 3
98.144 4
98.306 1
98.306 2
98.63 1
98.63 4
98.954 3
98.954 4
99.441 1
99.441 2
99.603 3
99.603 4
99.927 2
99.927 4
100.252 1
100.252 2
100.414 4
100.495 3
100.576 1
100.576 2
100.738 3
100.738 4
100.9 1
100.9 2
101.225 1
101.225 4
101.549 2
101.549 4
102.035 1
102.035 2
102.198 3
102.198 4
102.522 2
102.522 4
102.846 2
102.846 3
103.171 1
103.171 4
103.333 2
103.333 3
103.495 1
103.495 4
103.819 1
103.819 2
103.981 3
103.981 4
104.144 1
104.144 2
104.306 3
104.306 4
104.468 1
104.468 2
104.63 4
104.711 3
104.792 1
104.792 2
104.954 4
105.441 4
105.603 3
105.765 1
105.927 2
106.09 4
106.252 3
106.414 1
106.414 2
106.576 4
106.738 1
106.738 3
106.9 2
107.063 4
107.225 1
107.225 3
107.387 2
107.387 4
107.549 3
107.63 1
107.711 2
107.711 4
107.873 3
108.035 1
108.035 2
108.198 4
108.36 3
108.522 1
108.522 2
108.684 3
108.684 4
108.846 1
108.927 2
109.008 3
109.008 4
109.333 1
109.333 2
109.495 3
109.657 1
109.819 2
109.819 4
109.981 1
109.981 3
110.144 2
110.225 3
110.306 1
110.306 4
110.63 3
110.63 4
110.792 2
110.873 1
110.873 4
110.954 3
111.117 1
111.117 4
111.279 2
111.279 3
111.441 4
111.522 1
111.603 2
111.603 3
111.765 3
111.765 4
111.927 1
111.927 2
112.09 3
112.09 4
112.252 1
112.414 2
112.414 4
112.576 1
112.576 3
112.738 4
112.819 3
112.9 1
112.9 2
113.063 4
113.225 1
113.225 3
113.387 2
113.549 1
113.711 3
113.711 4
113.873 1
113.873 2
114.035 4
114.117 3
114.198 1
114.198 2
114.522 3
114.522 4
114.684 1
114.846 4
115.008 1
115.008 3
115.171 2
115.171 4
115.333 1
115.414 2
115.495 3
115.495 4
115.819 1
115.819 2
115.981 1
116.144 1
116.144 4
116.306 3
116.468 3
116.63 3
116.792 1
116.792 2
117.117 3
117.117 4
117.279 2
117.441 1
117.603 3
117.603 4
117.765 1
117.765 2
117.927 4
118.008 3
118.09 1
118.09 2
118.252 4
118.414 2
118.414 3
118.576 1
118.738 4
118.9 2
118.9 3
119.063 1
119.063 4
119.225 2
119.306 3
119.387 1
119.387 4
119.711 2
119.711 3
119.873 1
120.035 4
120.198 2
120.198 3
120.36 1
120.36 4
120.522 2
120.603 3
120.684 1
120.684 4
120.846 2
121.008 3
121.008 4
121.171 1
121.252 2
121.333 3
121.333 4
121.495 1
121.495 4
121.657 2
121.657 3
122.144 4
122.306 1
122.306 4
122.468 2
122.468 3
122.63 1
122.792 3
122.792 4
122.954 1
122.954 2
123.117 4
123.198 3
123.279 1
123.279 2
123.441 4
123.603 1
123.603 3
123.765 2
123.927 4
124.09 1
124.09 3
124.252 2
124.252 4
124.414 1
124.495 3
124.576 2
124.576 4
124.657 1
124.738 3
124.9 1
124.9 2
125.063 4
125.225 3
125.387 1
125.387 2
125.549 3
125.549 4
125.711 2
125.873 1
125.873 3
126.035 4
126.198 2
126.198 3
126.36 1
126.441 4
126.522 3
126.684 1
126.684 2
126.846 3
126.846 4
127.008 2
127.09 3
127.171 1
127.171 4
128.468 2
129.765 2
131.063 1
131.225 1
132.36 4
133.657 3
133.819 3
134.306 1
134.468 1
134.63 1
134.792 1
135.279 3
135.36 2
135.441 1
135.603 4
135.765 4
135.927 4
136.09 4
136.252 2
136.414 2
136.738 3
136.9 1
137.063 1
137.225 1
137.387 1
137.549 3
137.549 4
137.711 4
137.873 2
138.035 1
138.035 3
138.198 4
138.36 3
138.522 1
138.522 2
138.684 3
138.846 1
138.846 4
139.008 2
139.171 3
139.333 1
139.333 4
139.495 3
139.657 2
139.819 1
139.819 3
139.981 4
140.144 1
140.144 2
140.306 2
140.468 4
140.63 1
140.63 3
140.792 2
140.954 4
141.117 2
141.117 3
141.279 1
141.441 2
141.441 4
141.603 3
141.765 4
141.927 1
141.927 2
142.09 4
142.252 3
142.414 2
142.414 4
142.576 1
142.576 3
142.738 2
142.738 4
142.9 4
143.063 1
143.063 3
143.225 2
143.387 1
143.387 4
143.549 2
143.711 3
143.711 4
143.873 1
144.035 2
144.035 4
144.198 3
144.36 1
144.36 2
144.522 4
144.684 1
144.684 3
144.846 2
145.008 3
145.008 4
145.171 1
145.333 3
145.333 4
145.495 1
145.495 2
145.657 3
145.657 4
145.819 1
145.819 2
145.981 1
145.981 4
146.144 2
146.144 3
146.306 1
146.306 4
146.468 2
146.468 3
146.63 1
146.63 2
146.792 1
146.792 2
146.954 3
146.954 4
147.117 3
147.117 4
147.279 1
147.279 4
147.441 1
147.441 4
147.603 2
147.603 3
147.765 2
147.765 3
148.252 4
148.576 1
148.9 3
149.225 1
149.549 2
149.711 1
149.873 3
150.035 2
150.198 4
150.36 3
150.522 1
150.522 2
150.684 1
150.846 3
150.846 4
151.008 2
151.171 4
151.333 1
151.333 2
151.495 3
151.495 4
151.657 2
151.738 3
151.819 1
151.819 4
151.981 2
152.144 3
152.144 4
152.306 1
152.468 4
152.63 2
152.63 3
152.792 1
152.792 4
152.954 2
153.035 1
153.117 3
153.117 4
153.279 3
153.441 1
153.441 2
153.603 4
153.765 2
153.927 3
153.927 4
154.09 1
154.09 2
154.252 3
154.333 2
154.414 1
154.414 4
154.576 2
154.738 3
154.738 4
154.9 1
154.981 2
155.063 3
155.225 1
155.225 4
155.387 2
155.387 3
155.873 2
156.035 1
156.035 2
156.198 3
156.198 4
156.36 1
156.522 3
156.522 4
156.684 1
156.684 2
156.846 4
156.927 3
157.008 1
157.008 2
157.171 3
157.333 1
157.333 4
157.495 2
157.657 1
157.819 3
157.819 4
157.981 1
157.981 2
158.144 4
158.225 2
158.306 1
158.306 3
158.468 3
158.63 1
158.63 2
158.792 4
158.954 3
159.117 1
159.117 2
159.279 3
159.279 4
159.441 2
159.522 3
159.603 1
159.603 4
159.765 2
160.9 3
160.9 4
161.063 3
161.225 1
161.225 2
161.387 4
161.549 3
161.711 1
161.711 2
161.873 3
161.873 4
162.035 1
162.117 3
162.198 2
162.198 4
162.36 4
162.522 1
162.522 2
162.684 4
162.846 4
163.008 1
163.008 3
163.171 2
163.171 4
163.333 3
163.414 4
163.495 1
163.495 2
163.657 1
163.819 3
163.819 4
163.981 2
164.144 4
164.306 1
164.306 3
164.468 2
164.468 4
164.63 1
164.711 2
164.792 3
164.792 4
164.954 4
165.117 1
165.117 2
165.279 4
165.36 1
165.441 4
165.603 2
165.603 3
165.765 1
165.765 4
166.09 2
166.252 4
166.333 3
166.414 1
166.414 2
166.576 4
166.576 3
166.738 2
166.9 1
166.9 4
167.063 3
167.063 2
167.225 4
167.306 3
167.387 1
167.387 2
167.549 1
167.711 3
167.711 4
167.873 1
168.035 1
168.198 2
168.198 4
168.36 1
168.36 3
168.522 2
168.603 1
168.684 3
168.684 4
168.846 4
169.008 1
169.008 2
169.171 3
169.333 1
169.495 2
169.495 4
169.657 1
169.657 3
169.819 2
169.9 3
169.981 4
170.144 1
170.306 2
170.306 3
170.468 4
170.549 1
170.63 2
170.792 3
170.792 4
170.954 1
170.954 2
171.117 4
171.198 3
171.279 2