2.133 1
2.133 3
2.133 4
2.2 2
2.268 3
2.335 2
2.335 4
2.403 3
2.47 2
2.538 1
2.538 4
2.605 3
2.673 2
2.74 3
2.808 1
2.808 2
2.875 3
2.943 1
2.943 4
3.01 2
3.078 3
3.078 4
3.145 2
3.213 1
3.213 3
3.28 4
3.348 1
3.415 2
3.415 4
3.483 3
3.55 2
3.618 3
3.618 4
3.685 2
3.753 1
3.753 4
3.82 3
3.888 1
3.888 2
3.955 3
4.023 2
4.023 4
4.09 1
4.158 3
4.225 2
4.293 1
4.293 3
4.293 4
4.36 2
4.428 3
4.495 2
4.495 4
4.563 3
4.63 2
4.698 1
4.698 4
4.765 3
4.833 2
4.9 3
4.968 1
4.968 2
5.035 3
5.103 1
5.103 4
5.17 2
5.238 3
5.238 4
5.305 2
5.373 1
5.373 3
5.44 4
5.508 1
5.575 2
5.575 4
5.643 3
5.71 2
5.778 3
5.778 4
5.845 2
5.913 1
5.913 4
5.98 3
6.048 2
6.081 1
6.115 4
6.149 3
6.183 2
6.25 1
6.318 3
6.385 2
6.453 1
6.453 3
6.453 4
6.52 2
6.588 3
6.655 2
6.655 4
6.723 3
6.79 2
6.858 1
6.858 4
6.925 3
6.993 2
7.06 3
7.128 1
7.128 2
7.195 3
7.263 1
7.263 4
7.33 2
7.398 3
7.398 4
7.465 2
7.533 1
7.533 3
7.6 4
7.668 1
7.735 2
7.735 4
7.803 3
7.87 2
7.938 3
7.938 4
8.005 2
8.073 1
8.073 4
8.14 3
8.208 1
8.208 2
8.275 3
8.343 2
8.41 4
8.41 1
8.478 3
8.545 2
8.613 1
8.613 3
8.613 4
8.68 2
8.748 3
8.815 2
8.815 4
8.883 3
8.95 2
9.018 1
9.018 4
9.085 3
9.153 1
9.153 2
9.153 4
9.22 3
9.288 1
9.288 2
9.355 3
9.423 1
9.423 4
9.49 2
9.558 3
9.558 4
9.625 2
9.693 1
9.693 3
9.693 4
9.76 2
9.828 1
9.861 4
9.895 3
9.929 2
9.963 1
9.963 4
10.03 3
10.098 2
10.132 1
10.165 4
10.199 3
10.233 1
10.233 2
10.3 3
10.3 4
10.368 1
10.368 2
10.435 3
10.435 4
10.503 1
10.57 2
10.638 3
10.638 4
10.705 1
10.705 2
10.773 3
10.773 4
10.84 2
10.908 1
10.975 3
11.043 1
11.043 2
11.043 4
11.11 3
11.178 2
11.245 3
11.313 1
11.313 4
11.38 2
11.448 3
11.515 2
11.583 1
11.583 3
11.583 4
11.65 2
11.718 4
11.785 3
11.853 1
11.853 2
11.92 3
11.988 4
12.055 2
12.123 1
12.123 3
12.123 4
12.19 2
12.258 3
12.325 2
12.393 1
12.393 4
12.46 3
12.528 2
12.595 4
12.663 1
12.663 2
12.663 3
12.73 4
12.798 1
12.798 2
12.865 3
12.933 1
12.933 2
12.933 4
13.0 3
13.068 1
13.135 2
13.203 1
13.203 3
13.203 4
13.27 2
13.338 4
13.405 3
13.473 1
13.473 2
13.54 3
13.608 2
13.675 3
13.743 1
13.743 2
13.743 4
13.81 3
13.878 1
13.878 2
13.945 3
14.013 1
14.013 4
14.08 2
14.148 3
14.215 2
14.283 1
14.283 3
14.283 4
14.35 2
14.418 3
14.418 4
14.485 2
14.553 1
14.553 3
14.553 4
14.62 2
14.688 3
14.688 4
14.755 1
14.755 2
14.823 3
14.89 1
14.89 2
14.958 3
14.958 4
15.025 2
15.093 1
15.093 3
15.093 4
15.16 2
15.228 4
15.295 3
15.363 1
15.363 2
15.363 4
15.43 3
15.498 1
15.565 2
15.633 3
15.633 4
15.7 1
15.768 3
15.835 2
15.903 1
15.903 3
15.903 4
15.97 2
16.038 3
16.038 4
16.105 1
16.173 2
16.24 3
16.308 1
16.308 4
16.375 2
16.375 3
16.443 1
16.443 4
16.51 2
16.578 3
16.578 4
16.645 2
16.713 1
16.713 4
16.78 3
16.848 1
16.848 2
16.915 3
16.915 4
16.983 1
16.983 2
17.05 3
17.118 1
17.118 4
17.185 2
17.185 3
17.253 1
17.253 4
17.32 2
17.388 3
17.455 2
17.523 1
17.523 3
17.523 4
17.59 2
17.658 3
17.658 4
17.725 1
17.793 2
17.793 3
17.793 4
17.86 1
17.928 3
17.995 2
18.063 1
18.063 3
18.063 4
18.13 2
18.198 1
18.198 3
18.265 2
18.265 4
18.333 1
18.333 3
18.4 4
18.468 1
18.468 2
18.535 3
18.535 4
18.603 1
18.603 2
18.67 3
18.738 2
18.738 4
18.805 1
18.805 3
18.873 2
18.873 4
18.94 3
19.008 2
19.042 1
19.075 4
19.109 3
19.143 1
19.143 2
19.21 3
19.21 4
19.278 1
19.278 2
19.345 3
19.345 4
19.413 1
19.413 2
19.48 3
19.548 4
19.615 2
19.683 1
19.683 3
19.683 4
19.75 2
19.818 3
19.885 2
19.953 1
19.953 4
20.02 3
20.088 2
20.155 3
20.223 1
20.223 2
20.223 4
20.29 3
20.358 1
20.425 2
20.493 3
20.493 4
20.56 2
20.628 1
20.695 3
20.763 1
20.763 2
20.763 4
20.83 3
20.898 2
20.965 3
21.033 1
21.033 4
21.1 2
21.168 3
21.235 1
21.303 2
21.303 3
21.303 4
21.37 1
21.438 3
21.438 4
21.505 2
21.573 1
21.573 3
21.573 4
21.64 2
21.708 4
21.775 3
21.843 1
21.843 2
21.843 4
21.91 3
21.978 1
22.045 2
22.113 3
22.113 4
22.18 2
22.248 3
22.315 2
22.383 1
22.383 3
22.383 4
22.45 2
22.518 3
22.518 4
22.585 2
22.653 1
22.653 4
22.72 3
22.788 2
22.855 3
22.923 1
22.923 2
22.923 4
22.99 3
23.058 1
23.058 2
23.125 3
23.193 1
23.193 2
23.193 4
23.26 3
23.328 1
23.328 2
23.395 3
23.395 4
23.463 2
23.53 3
23.53 4
23.598 1
23.598 2
23.665 3
23.733 1
23.733 2
23.733 4
23.8 3
23.868 1
23.935 2
24.003 1
24.003 3
24.003 4
24.07 2
24.138 4
24.205 3
24.273 1
24.273 2
24.34 4
24.408 2
24.475 3
24.543 1
24.543 2
24.543 4
24.61 3
24.678 1
24.678 2
24.745 4
24.813 3
24.88 2
24.948 1
24.948 4
25.015 2
25.015 3
25.083 1
25.083 4
25.15 3
25.218 1
25.218 2
25.285 3
25.353 1
25.353 4
25.42 2
25.488 3
25.488 4
25.555 1
25.555 2
25.623 3
25.623 4
25.69 2
25.758 1
25.758 4
25.825 2
25.825 3
25.893 1
25.893 4
25.96 3
26.028 2
26.095 3
26.163 1
26.163 2
26.163 4
26.23 3
26.298 1
26.298 2
26.365 3
26.365 4
26.433 1
26.433 2
26.5 3
26.568 1
26.568 4
26.635 2
26.703 3
26.703 4
26.77 2
26.838 1
26.838 4
26.905 2
26.905 3
26.973 1
26.973 4
27.04 3
27.108 1
27.108 2
27.175 3
27.243 1
27.243 4
27.31 2
27.378 3
27.378 4
27.445 2
27.513 1
27.513 4
27.58 3
27.648 1
27.682 2
27.715 3
27.749 4
27.783 1
27.783 2
27.85 3
27.85 4
27.918 1
27.918 2
27.985 3
27.985 4
28.053 1
28.053 2
28.12 3
28.188 2
28.255 4
28.323 3
28.39 2
28.458 4
28.525 3
28.593 2
28.66 4
28.728 3
28.795 1
28.863 4
28.93 3
28.998 4
29.065 3
29.133 4
29.2 2
29.268 1
29.335 4
29.403 2
29.47 1
29.538 4
29.605 2
29.673 1
29.74 3
29.808 2
29.875 1
29.943 3
30.01 2
30.078 3
30.145 2
30.213 1
30.213 4
30.28 3
30.348 1
30.415 4
30.483 3
30.55 1
30.618 4
30.685 3
30.753 1
30.82 3
30.888 2
30.955 1
31.023 3
31.09 2
31.158 3
31.225 2
31.293 1
31.293 4
31.36 3
31.428 1
31.495 4
31.563 2
31.63 1
31.698 3
31.765 2
31.833 1
31.833 4
31.9 3
31.968 1
32.035 4
32.103 2
32.17 1
32.238 3
32.305 2
32.373 3
32.373 4
32.44 2
32.508 1
32.575 4
32.643 2
32.71 1
32.778 4
32.845 2
32.913 1
32.98 4
33.048 3
33.115 1
33.183 3
33.25 2
33.318 3
33.385 2
33.453 1
33.453 4
33.52 3
33.588 4
33.655 3
33.723 2
33.79 1
33.858 2
33.925 1
33.993 3
33.993 4
34.06 2
34.128 3
34.195 2
34.263 4
34.33 2
34.398 4
34.465 2
34.533 3
34.533 4
34.6 2
34.668 4
34.735 2
34.803 3
34.87 1
34.938 3
35.006 1
35.073 2
35.141 1
35.208 2
35.276 1
35.343 4
35.411 2
35.478 4
35.546 2
35.613 1
35.613 4
35.681 3
35.748 1
35.816 4
35.883 3
35.951 1
36.018 4
36.086 3
36.153 1
36.221 3
36.288 2
36.356 1
36.423 3
36.491 2
36.558 3
36.558 4
36.626 1
36.626 2
36.693 3
36.693 4
36.761 2
36.828 3
36.896 2
36.963 4
37.031 3
37.098 4
37.166 3
37.233 4
37.301 2
37.368 4
37.436 2
37.503 4
37.571 1
37.638 4
37.706 1
37.773 2
37.773 3
37.863 4
37.953 3
38.043 2
38.111 1
38.178 3
38.246 1
38.313 2
38.313 4
38.381 3
38.448 1
38.516 4
38.583 3
38.651 1
38.718 3
38.786 2
38.853 1
38.853 3
38.853 4
38.921 2
38.988 3
39.056 2
39.123 4
39.191 3
39.258 4
39.326 3
39.393 4
39.393 1
39.461 2
39.528 4
39.596 2
39.663 3
39.731 2
39.798 3
39.866 2
39.933 1
39.933 4
40.001 3
40.068 4
40.136 3
40.203 4
40.271 2
40.338 4
40.406 2
40.473 3
40.473 4
40.541 1
40.608 3
40.676 1
40.743 4
40.811 2
40.878 4
40.946 2
41.013 1
41.013 3
41.013 4
41.081 2
41.148 1
41.216 3
41.283 2
41.351 1
41.418 3
41.486 2
41.553 1
41.621 2
41.688 1
41.756 4
41.823 3
41.891 1
41.958 3
41.958 4
42.026 1
42.026 2
42.093 3
42.093 4
42.161 1
42.228 4
42.296 1
42.363 2
42.431 1
42.498 2
42.566 1
42.633 3
42.633 4
42.701 2
42.768 1
42.836 4
42.903 3
42.971 1
43.038 3
43.106 2
43.173 1
43.173 3
43.173 4
43.241 2
43.308 3
43.376 2
43.443 3
43.511 2
43.578 3
43.646 2
43.713 3
43.713 4
43.781 2
43.848 3
43.916 2
43.983 1
43.983 3
44.051 2
44.118 3
44.186 2
44.253 4
44.321 3
44.388 2
44.456 4
44.523 2
44.523 3
44.591 1
44.658 4
44.726 2
44.793 1
44.793 4
44.861 3
44.928 2
44.996 1
45.063 3
45.063 4
45.131 2
45.198 1
45.198 4
45.266 2
45.266 3
45.333 1
45.333 4
45.401 3
45.468 1
45.468 2
45.536 3
45.603 1
45.603 4
45.671 2
45.738 3
45.738 4
45.806 1
45.806 2
45.873 3
45.873 4
45.941 2
46.008 1
46.008 4
46.076 3
46.143 1
46.143 2
46.211 3
46.278 1
46.278 4
46.346 2
46.346 3
46.413 1
46.413 4
46.481 2
46.548 3
46.548 4
46.616 1
46.616 2
46.683 3
46.683 4
46.751 2
46.818 1
46.818 4
46.886 2
46.886 3
46.953 1
46.953 4
47.021 3
47.088 2
47.122 1
47.156 4
47.189 3
47.223 1
47.223 2
47.291 3
47.291 4
47.358 1
47.358 2
47.426 3
47.426 4
47.493 1
47.493 2
47.561 4
47.628 3
47.696 2
47.763 1
47.763 3
47.763 4
47.831 2
47.898 4
47.966 1
48.033 2
48.033 3
48.033 4
48.101 1
48.168 3
48.236 2
48.303 1
48.303 3
48.303 4
48.371 2
48.438 3
48.506 4
48.573 1
48.573 2
48.573 3
48.641 4
48.708 2
48.776 1
48.843 2
48.843 3
48.843 4
48.911 1
48.978 3
49.046 2
49.113 1
49.113 3
49.113 4
49.181 2
49.248 4
49.316 1
49.383 2
49.383 3
49.383 4
49.451 1
49.518 3
49.518 4
49.586 2
49.653 1
49.653 3
49.653 4
49.721 2
49.788 4
49.856 3
49.923 1
49.923 2
49.923 4
49.991 3
50.058 1
50.126 4
50.193 1
50.193 2
50.193 3
50.261 4
50.328 2
50.396 3
50.463 1
50.463 2
50.463 4
50.531 3
50.598 2
50.666 1
50.733 2
50.733 3
50.733 4
50.801 1
50.868 3
50.936 4
51.003 1
51.003 2
51.003 3
51.071 4
51.138 2
51.206 3
51.273 1
51.273 2
51.273 4
51.341 3
51.408 1
51.476 4
51.543 1
51.543 2
51.543 3
51.611 4
51.678 1
51.678 2
51.746 3
51.813 1
51.813 2
51.813 4
51.881 3
51.948 1
52.016 4
52.083 1
52.083 2
52.083 3
52.151 4
52.218 3
52.286 2
52.353 1
52.353 3
52.353 4
52.421 2
52.488 1
52.556 4
52.623 1
52.623 2
52.623 3
52.691 4
52.758 1
52.826 3
52.893 1
52.893 2
52.893 4
52.961 3
53.028 4
53.096 2
53.163 1
53.163 3
53.163 4
53.231 2
53.298 1
53.366 4
53.433 1
53.433 2
53.433 3
53.501 4
53.568 2
53.636 3
53.703 1
53.703 2
53.703 4
53.771 3
53.838 1
53.838 2
53.906 4
53.973 1
53.973 2
53.973 3
54.041 4
54.108 3
54.176 1
54.243 2
54.243 3
54.243 4
54.311 1
54.378 3
54.378 4
54.446 2
54.513 1
54.513 3
54.513 4
54.581 2
54.648 4
54.716 3
54.783 1
54.783 2
54.783 4
54.851 3
54.918 1
54.918 2
54.986 4
55.053 1
55.053 2
55.053 3
55.121 4
55.188 1
55.188 2
55.256 3
55.323 1
55.323 2
55.323 4
55.391 3
55.458 1
55.458 2
55.526 4
55.593 1
55.593 2
55.593 3
55.661 4
55.728 1
55.762 2
55.796 3
55.829 4
55.863 1
55.863 2
55.931 3
55.931 4
55.998 1
55.998 2
56.066 3
56.066 4
56.133 1
56.133 2
56.201 3
56.268 4
56.336 1
56.403 2
56.403 3
56.403 4
56.471 1
56.538 3
56.606 2
56.673 1
56.673 3
56.673 4
56.741 2
56.808 4
56.876 1
56.943 2
56.943 3
56.943 4
57.011 1
57.078 4
57.146 3
57.213 1
57.213 2
57.213 4
57.281 3
57.348 1
57.416 2
57.483 1
57.483 3
57.483 4
57.551 2
57.618 4
57.686 1
57.753 2
57.753 3
57.753 4
57.821 1
57.888 3
57.956 2
58.023 1
58.023 3
58.023 4
58.091 2
58.158 3
58.158 4
58.226 1
58.293 2
58.293 3
58.293 4
58.361 1
58.428 3
58.496 4
58.563 1
58.563 2
58.563 3
58.631 4
58.698 2
58.766 3
58.833 1
58.833 2
58.833 4
58.901 3
58.968 1
59.036 4
59.103 1
59.103 2
59.103 3
59.171 4
59.238 1
59.306 2
59.373 1
59.373 3
59.373 4
59.441 2
59.508 4
59.576 3
59.643 1
59.643 2
59.643 4
59.711 3
59.778 1
59.846 4
59.913 1
59.913 2
59.913 3
59.981 4
60.048 2
60.116 3
60.183 1
60.183 2
60.183 4
60.251 3
60.318 1
60.318 2
60.386 4
60.453 1
60.453 2
60.453 3
60.521 4
60.588 2
60.656 3
60.723 1
60.723 2
60.723 4
60.791 3
60.858 4
60.926 1
60.993 2
60.993 3
60.993 4
61.061 1
61.128 2
61.196 3
61.263 1
61.263 2
61.263 4
61.331 3
61.398 2
61.466 4
61.533 1
61.533 2
61.533 3
61.601 4
61.668 3
61.736 1
61.803 2
61.803 3
61.803 4
61.871 1
61.938 2
62.006 3
62.073 1
62.073 2
62.073 4
62.141 3
62.208 1
62.276 4
62.343 1
62.343 2
62.343 3
62.411 4
62.478 1
62.478 2
62.546 3
62.613 1
62.613 2
62.613 4
62.681 3
62.748 1
62.748 4
62.816 2
62.883 1
62.883 3
62.883 4
62.951 2
63.018 3
63.018 4
63.086 1
63.153 2
63.153 3
63.153 4
63.221 1
63.288 2
63.322 3
63.356 4
63.39 1
63.423 2
63.423 3
63.491 4
63.558 1
63.558 2
63.626 3
63.626 4
63.693 1
63.693 2
63.761 3
63.828 1
63.828 4
63.896 2
63.963 3
63.963 4
64.031 1
64.031 2
64.098 3
64.098 4
64.166 1
64.166 2
64.233 3
64.233 4
64.301 1
64.301 2
64.368 4
64.402 3
64.436 2
64.47 1
64.503 3
64.503 4
64.571 1
64.571 2
64.638 3
64.638 4
64.706 1
64.706 2
64.773 3
64.773 4
64.841 2
64.908 1
64.976 3
64.976 4
65.043 1
65.043 2
65.111 4
65.178 2
65.178 3
65.246 1
65.313 3
65.313 4
65.381 1
65.381 2
65.448 4
65.516 3
65.583 1
65.583 2
65.651 3
65.718 1
65.718 2
65.786 3
65.853 1
65.853 2
65.921 3
65.988 4
66.056 1
66.056 2
66.123 3
66.123 4
66.191 1
66.258 2
66.258 3
66.326 4
66.393 1
66.393 2
66.461 3
66.461 4
66.528 1
66.596 2
66.663 3
66.663 4
66.731 2
66.798 3
66.798 4
66.866 2
66.933 1
66.933 3
67.001 4
67.068 2
67.136 1
67.136 3
67.203 2
67.203 4
67.271 3
67.338 1
67.338 4
67.406 2
67.473 1
67.473 3
67.541 2
67.541 4
67.608 3
67.676 1
67.743 2
67.743 4
67.811 1
67.878 3
67.878 4
67.946 1
68.013 2
68.013 4
68.081 1
68.148 3
68.148 4
68.216 1
68.216 2
68.283 3
68.283 4
68.351 2
68.418 1
68.418 4
68.486 3
68.553 1
68.553 2
68.621 3
68.688 1
68.688 4
68.756 2
68.823 3
68.823 4
68.891 2
68.958 1
68.958 4
69.026 3
69.093 1
69.093 2
69.093 4
69.161 3
69.228 2
69.296 1
69.296 3
69.363 2
69.363 4
69.431 3
69.498 1
69.498 2
69.566 3
69.633 1
69.633 2
69.633 4
69.701 3
69.768 1
69.836 2
69.903 1
69.903 3
69.903 4
69.971 2
70.038 1
70.038 4
70.106 3
70.173 1
70.173 2
70.173 4
70.241 3
70.308 2
70.308 4
70.376 1
70.443 2
70.443 3
70.443 4
70.511 1
70.578 3
70.646 4
70.713 1
70.713 2
70.713 3
70.781 4
70.848 1
70.848 2
70.916 3
70.983 1
70.983 2
70.983 4
71.051 3
71.118 2
71.186 1
71.253 2
71.253 3
71.253 4
71.321 1
71.388 4
71.456 3
71.523 1
71.523 2
71.523 4
71.591 3
71.658 2
71.726 3
71.793 1
71.793 2
71.793 4
71.861 3
71.928 1
71.996 2
72.063 1
72.063 3
72.063 4
72.131 2
72.198 3
72.198 4
72.266 1
72.266 2
72.333 3
72.333 4
72.401 2
72.468 1
72.536 3
72.603 1
72.603 2
72.603 4
72.671 3
72.738 1
72.738 2
72.806 3
72.806 4
72.873 1
72.873 2
72.941 3
72.941 4
73.008 1
73.042 2
73.076 3
73.11 4
73.143 1
73.143 2
73.211 3
73.211 4
73.278 1
73.278 2
73.346 3
73.346 4
73.413 1
73.413 2
73.481 3
73.548 1
73.548 2
73.616 3
73.683 1
73.683 4
73.751 2
73.818 1
73.818 4
73.886 3
73.953 2
73.953 4
74.021 1
74.088 2
74.088 4
74.156 3
74.223 1
74.223 2
74.291 4
74.358 1
74.358 2
74.426 4
74.493 1
74.493 2
74.561 4
74.583 3
74.628 2
74.673 1
74.696 4
74.763 2
74.763 3
74.831 1
74.898 4
74.966 3
75.033 1
75.033 2
75.101 3
75.168 4
75.236 1
75.236 2
75.303 3
75.303 4
75.371 2
75.438 3
75.438 4
75.506 2
75.573 1
75.573 4
75.641 3
75.708 1
75.776 2
75.843 3
75.843 4
75.911 2
75.978 1
76.046 3
76.113 1
76.113 4
76.181 2
76.248 3
76.316 2
76.383 3
76.383 4
76.451 1
76.518 2
76.586 3
76.653 1
76.653 2
76.653 4
76.721 3
76.788 1
76.856 2
76.923 3
76.923 4
76.923 1
76.991 2
77.058 4
77.126 3
77.193 1
77.193 2
77.193 4
77.261 3
77.328 1
77.328 2
77.396 4
77.463 1
77.463 2
77.463 3
77.531 4
77.598 2
77.666 3
77.733 1
77.733 2
77.733 4
77.801 3
77.868 2
77.936 1
77.936 3
78.003 2
78.003 4
78.071 3
78.138 1
78.138 2
78.138 4
78.206 3
78.273 1
78.273 2
78.341 4
78.408 3
78.476 2
78.543 1
78.543 4
78.611 2
78.678 3
78.678 4
78.746 2
78.813 1
78.813 3
78.813 4
78.881 2
78.948 1
78.948 3
79.016 4
79.083 1
79.083 2
79.083 3
79.151 4
79.218 2
79.286 1
79.353 2
79.353 3
79.353 4
79.421 1
79.488 3
79.488 4
79.556 1
79.556 2
79.623 3
79.623 4
79.691 2
79.758 4
79.826 3
79.893 1
79.893 2
79.893 4
79.961 3
80.028 1
80.096 2
80.096 3
80.163 1
80.163 4
80.231 3
80.298 2
80.298 4
80.366 1
80.433 2
80.433 3
80.501 1
80.501 4
80.568 3
80.636 4
80.703 1
80.703 2
80.771 3
80.838 1
80.838 4
80.906 2
80.973 1
80.973 3
80.973 4
81.041 2
81.108 3
81.108 4
81.176 1
81.176 2
81.243 3
81.243 4
81.311 2
81.378 3
81.378 4
81.446 1
81.446 2
81.513 3
81.513 4
81.581 1
81.581 2
81.648 4
81.682 3
81.716 2
81.75 1
81.783 3
81.783 4
81.851 1
81.851 2
81.918 3
81.918 4
81.986 1
81.986 2
82.053 3
82.053 4
82.188 1
82.323 2
82.458 3
82.593 1
82.593 4
82.728 3
82.863 4
82.998 2
83.133 3
83.133 4
83.268 1
83.403 2
83.538 4
83.673 1
83.673 2
83.808 4
83.943 3
84.078 1
84.213 3
84.213 4
84.348 2
84.483 1
84.619 2
84.754 1
84.754 3
84.889 2
85.024 3
85.159 4
85.294 1
85.294 3
85.429 4
85.564 1
85.564 2
85.699 3
85.834 1
85.834 4
85.969 3
86.104 2
86.104 4
86.239 1
86.374 1
86.374 3
86.374 4
86.509 2
86.644 1
86.779 3
86.914 1
86.914 4
87.049 3
87.184 4
87.319 2
87.454 3
87.454 4
87.589 1
87.724 2
87.859 4
87.994 1
87.994 2
88.129 4
88.264 3
88.399 1
88.534 3
88.534 4
88.669 2
88.804 1
88.939 2
89.074 3
89.074 4
89.209 2
89.344 3
89.479 4
89.614 1
89.614 3
89.749 2
89.884 1
89.884 3
90.019 4
90.154 1
90.154 3
90.424 2
90.559 3
90.626 2
90.694 1
90.694 3
90.694 4
90.829 1
90.829 4
90.964 2
91.099 1
91.099 3
91.234 4
91.369 2
91.369 3
91.504 4
91.639 1
91.639 2
91.774 2
91.774 3
91.909 1
91.909 4
92.044 2
92.179 3
92.179 4
92.314 2
92.449 1
92.449 4
92.584 3
92.719 1
92.719 4
92.786 2
92.854 1
92.854 3
92.854 4
92.989 2
92.989 3
93.124 1
93.259 2
93.259 4
93.394 3
93.529 1
93.529 2
93.664 3
93.799 2
93.799 4
93.934 1
94.069 3
94.069 4
94.204 2
94.339 1
94.339 3
94.474 4
94.609 1
94.609 3
94.744 2
94.879 1
94.879 4
95.014 1
95.014 2
95.014 4
95.081 3
95.149 2
95.216 1
95.284 3
95.351 2
95.419 4
95.486 1
95.554 2
95.621 3
95.689 1
95.756 4
95.824 3
95.891 2
95.959 1
96.026 3
96.094 1
96.094 2
96.094 4
96.161 3
96.229 2
96.296 1
96.364 3
96.431 2
96.499 4
96.566 1
96.634 2
96.634 3
96.634 4
96.701 1
96.769 3
96.836 2
96.904 4
96.971 3
97.039 1
97.039 2
97.106 3
97.106 4
97.174 1
97.174 2
97.241 4
97.309 3
97.376 2
97.444 1
97.444 4
97.511 3
97.579 2
97.646 4
97.714 1
97.714 2
97.714 3
97.781 4
97.849 1
97.916 2
97.984 4
98.017 1
98.051 3
98.085 2
98.119 4
98.152 1
98.186 3
98.22 2
98.254 1
98.254 4
98.321 3
98.389 2
98.456 3
98.524 1
98.524 4
98.591 2
98.659 3
98.726 2
98.794 1
98.794 4
98.861 3
98.929 2
98.996 3
99.064 1
99.064 4
99.131 2
99.199 3
99.266 2
99.334 1
99.334 3
99.334 4
99.401 2
99.469 4
99.536 3
99.604 1
99.604 2
99.671 4
99.739 1
99.806 2
99.874 3
99.874 4
99.941 1
100.009 4
100.076 3
100.144 1
100.144 2
100.211 4
100.279 1
100.346 2
100.414 1
100.414 3
100.414 4
100.481 2
100.549 4
100.616 1
100.684 2
100.684 4
100.751 3
100.819 1
100.886 4
100.954 1
100.954 3
101.021 2
101.089 4
101.156 1
101.224 2
101.224 4
101.291 3
101.359 1
101.426 4
101.494 2
101.494 3
101.561 1
101.629 3
101.696 2
101.764 1
101.764 4
101.831 2
101.899 3
101.966 1
102.034 2
102.034 3
102.101 4
102.169 2
102.236 3
102.304 1
102.304 4
102.371 3
102.439 1
102.439 2
102.506 4
102.574 1
102.574 2
102.574 3
102.641 4
102.709 2
102.776 1
102.844 3
102.844 4
102.911 2
102.979 1
103.046 4
103.114 2
103.114 3
103.181 1
103.249 4
103.316 3
103.384 1
103.384 2
103.451 3
103.519 4
103.586 1
103.654 2
103.654 3
103.654 4
103.721 1
103.789 3
103.789 4
103.856 2
103.924 1
103.924 4
103.991 3
104.059 1
104.059 2
104.126 3
104.194 1
104.194 4
104.261 2
104.329 3
104.329 4
104.396 2
104.464 1
104.464 4
104.531 3
104.599 1
104.599 2
104.666 3
104.734 1
104.734 2
104.734 4
104.801 3
104.869 1
104.869 4
104.936 2
104.936 3
105.004 1
105.004 4
105.071 2
105.139 3
105.139 4
105.206 1
105.206 2
105.274 3
105.274 4
105.341 2
105.409 1
105.409 4
105.476 2
105.476 3
105.544 1
105.544 4
105.611 3
105.679 1
105.679 2
105.746 3
105.746 4
105.814 1
105.847 2
105.881 3
105.915 4
105.949 1
105.982 2
106.016 3
106.05 4
106.084 1
106.117 2
106.151 3
106.185 4
106.219 1
106.252 2
106.286 3
106.286 4
106.354 1
106.354 2
106.421 3
106.421 4
106.489 1
106.489 2
106.556 3
106.556 4
106.624 1
106.624 2
106.691 3
106.691 4
106.759 1
106.759 2
106.826 3
106.826 4
106.894 1
106.894 2
106.894 3
106.894 4
107.704 1
107.704 2
107.704 3
107.974 1
107.974 2
108.041 3
108.109 4
108.176 1
108.176 2
108.244 3
108.244 4
108.311 1
108.379 2
108.379 3
108.446 4
108.514 1
108.514 2
108.581 3
108.581 4
108.649 1
108.716 2
108.784 3
108.784 4
108.851 2
108.919 3
108.919 4
108.986 2
109.054 3
109.054 4
109.121 2
109.189 1
109.256 3
109.256 4
109.324 1
109.324 2
109.391 4
109.459 2
109.459 3
109.526 1
109.594 3
109.594 4
109.661 1
109.661 2
109.729 4
109.796 3
109.864 2
109.864 1
109.931 3
109.999 1
109.999 2
110.066 3
110.134 2
110.134 4
110.201 1
110.269 3
110.336 2
110.336 4
110.404 1
110.404 3
110.471 2
110.539 1
110.539 4
110.606 3
110.674 2
110.674 4
110.741 1
110.741 3
110.809 2
110.876 4
110.944 1
110.944 3
111.011 4
111.079 1
111.079 2
111.146 4
111.214 1
111.214 3
111.281 4
111.349 1
111.349 2
111.416 3
111.416 4
111.484 1
111.484 2
111.551 3
111.619 1
111.619 4
111.686 2
111.754 3
111.754 4
111.821 2
111.889 1
111.889 4
111.956 3
112.024 1
112.024 2
112.091 3
112.159 1
112.159 4
112.226 2
112.294 1
112.294 3
112.294 4
112.361 2
112.429 3
112.496 2
112.496 4
112.564 1
112.564 3
112.631 2
112.699 3
112.699 4
112.766 2
112.834 1
112.834 3
112.834 4
112.901 2
112.969 4
113.036 3
113.104 1
113.104 2
113.104 4
113.171 3
113.239 1
113.239 4
113.306 2
113.374 1
113.374 3
113.374 4
113.441 2
113.509 1
113.509 3
113.576 4
113.644 1
113.644 2
113.644 3
113.711 4
113.779 2
113.846 1
113.914 2
113.914 3
113.914 4
113.981 1
114.049 3
114.049 4
114.116 2
114.184 1
114.184 3
114.184 4
114.251 2
114.319 3
114.386 4
114.454 1
114.454 2
114.454 3
114.521 4
114.589 1
114.656 2
114.724 1
114.724 3
114.724 4
114.791 2
114.859 3
114.926 2
114.994 1
114.994 3
114.994 4
115.061 2
115.129 4
115.196 3
115.264 1
115.264 2
115.264 4
115.331 3
115.399 1
115.399 2
115.466 3
115.466 4
115.534 1
115.534 2
115.601 3
115.669 4
115.736 2
115.804 1
115.804 3
115.804 4
115.871 2
115.939 3
115.939 4
116.006 1
116.006 2
116.074 3
116.074 4
116.141 1
116.141 2
116.209 4
116.243 3
116.276 2
116.31 1
116.344 3
116.344 4
116.411 1
116.411 2
116.479 3
116.479 4
116.546 1
116.546 2
116.614 3
116.614 4
116.681 2
116.749 3
116.749 4
116.816 2
116.884 1
116.884 4
116.951 3
117.019 1
117.019 4
117.086 2
117.154 1
117.154 3
117.221 4
117.289 1
117.289 3
117.356 2
117.424 3
117.424 4
117.491 1
117.559 3
117.559 4
117.626 1
117.694 3
117.694 4
117.761 1
117.784 2
117.829 3
117.874 4
117.896 1
117.964 2
117.964 3
118.031 4
118.099 1
118.166 2
118.234 3
118.234 4
118.301 2
118.369 1
118.436 3
118.436 4
118.504 1
118.504 2
118.571 3
118.639 1
118.639 2
118.706 3
118.774 1
118.774 4
118.841 2
118.909 4
118.976 3
119.044 1
119.044 2
119.111 3
119.179 4
119.246 2
119.314 1
119.314 4
119.381 3
119.449 2
119.516 3
119.584 1
119.584 2
119.651 4
119.719 3
119.786 2
119.854 1
119.854 3
119.854 4
119.921 2
119.989 4
120.056 3
120.124 1
120.124 2
120.124 4
120.191 3
120.259 1
120.326 2
120.394 1
120.394 3
120.394 4
120.461 2
120.529 3
120.529 4
120.596 1
120.664 2
120.664 3
120.664 4
120.731 1
120.799 3
120.866 2
120.934 1
120.934 3
120.934 4
121.001 2
121.069 3
121.136 2
121.136 4
121.204 1
121.204 3
121.271 2
121.339 1
121.339 3
121.339 4
121.406 2
121.474 3
121.474 4
121.541 1
121.609 2
121.676 3
121.744 1
121.744 4
121.811 3
121.879 1
121.879 2
121.946 3
122.014 1
122.014 2
122.014 4
122.081 3
122.149 2
122.149 4
122.216 1
122.284 2
122.284 3
122.284 4
122.351 1
122.419 3
122.486 4
122.554 1
122.554 2
122.554 3
122.621 4
122.689 1
122.689 2
122.756 3
122.756 4
122.824 1
122.824 2
122.891 3
122.959 1
123.026 2
123.094 1
123.094 3
123.094 4
123.161 2
123.229 4
123.296 2
123.296 3
123.364 1
123.364 4
123.431 2
123.499 1
123.499 3
123.566 4
123.634 2
123.634 3
123.701 1
123.701 4
123.769 2
123.836 1
123.904 3
123.904 4
123.971 2
124.039 1
124.039 4
124.106 3
124.174 1
124.174 2
124.174 4
124.241 3
124.309 1
124.309 2
124.376 3
124.376 4
124.444 1
124.444 2
124.511 3
124.579 1
124.579 2
124.646 3
124.646 4
124.714 1
124.714 2
124.781 3
124.781 4
124.849 1
124.883 2
124.916 3
124.95 4
124.984 1
124.984 2
125.051 3
125.051 4
125.119 1
125.119 2
125.186 3
125.186 4
125.254 1
125.254 2
125.321 4
125.389 3
125.456 1
125.456 2
125.524 3
125.524 4
125.591 2
125.659 1
125.659 4
125.726 3
125.794 1
125.794 2
125.861 3
125.861 4
125.929 2
125.996 1
126.064 3
126.064 4
126.131 1
126.199 3
126.199 4
126.266 1
126.334 3
126.334 4
126.401 1
126.469 2
126.536 3
126.536 4
126.604 1
126.604 2
126.671 3
126.739 1
126.739 4
126.806 2
126.874 3
126.874 4
126.941 1
126.941 2
127.009 3
127.076 4
127.144 1
127.144 2
127.211 4
127.279 1
127.279 2
127.346 4
127.414 1
127.414 3
127.481 2
127.549 4
127.616 1
127.616 3
127.684 2
127.684 4
127.751 1
127.819 2
127.819 3
127.886 4
127.954 1
127.954 3
128.021 2
128.021 4
128.089 1
128.156 3
128.224 2
128.224 4
128.291 3
128.359 1
128.359 2
128.426 3
128.494 2
128.494 4
128.561 3
128.629 1
128.629 2
128.696 3
128.696 4
128.764 1
128.764 2
128.831 4
128.899 2
128.899 3
128.966 1
129.034 3
129.034 4
129.101 1
129.169 2
129.169 3
129.236 4
129.304 1
129.304 2
129.371 4
129.439 2
129.439 3
129.506 1
129.574 2
129.574 3
129.574 4
129.641 1
129.709 4
129.776 1
129.776 3
129.844 2
129.844 4
129.911 1
129.979 3
129.979 4
130.046 1
130.114 2
130.114 3
130.114 4
130.181 1
130.249 3
130.316 4
130.384 1
130.384 2
130.384 3
130.451 4
130.519 2
130.519 3
130.586 1
130.654 2
130.654 3
130.654 4
130.721 1
130.789 2
130.789 4
130.856 3
130.924 1
130.924 2
130.924 4
130.991 3
131.059 1
131.126 2
131.194 1
131.194 3
131.194 4
131.261 2
131.329 3
131.329 4
131.396 1
131.464 2
131.464 3
131.464 4
131.531 1
131.599 4
131.666 3
131.734 1
131.734 2
131.734 4
131.801 3
131.869 2
131.936 1
132.004 2
132.004 3
132.004 4
132.071 1
132.139 4
132.206 1
132.274 2
132.274 3
132.274 4
132.341 1
132.409 3
132.476 4
132.544 1
132.544 2
132.544 3
132.611 4
132.679 1
132.679 2
132.746 3
132.746 4
132.814 1
132.814 2
132.881 4
132.949 3
133.016 1
133.084 2
133.084 3
133.084 4
133.151 1
133.219 3
133.219 4
133.286 1
133.286 2
133.354 3
133.354 4
133.421 1
133.421 2
133.489 3
133.523 4
133.556 1
133.59 2
133.624 3
133.624 4
133.691 1
133.691 2
133.759 3
133.759 4
133.826 1
133.826 2
133.894 3
133.894 4
133.961 1
134.029 3
134.029 4
134.096 1
134.164 2
134.164 3
134.231 4
134.299 2
134.299 3
134.366 1
134.434 2
134.434 4
134.501 3
134.569 2
134.569 4
134.637 1
134.704 3
134.704 4
134.771 2
134.839 3
134.839 4
134.907 2
134.974 3
134.974 4
135.042 2
135.064 1
135.109 4
135.154 3
135.176 2
135.244 1
135.244 4
135.312 3
135.379 2
135.447 1
135.514 3
135.514 4
135.582 1
135.649 2
135.717 3
135.717 4
135.784 1
135.784 2
135.852 4
135.919 1
135.919 2
135.987 4
136.054 2
136.054 3
136.122 1
136.189 3
136.257 4
136.324 1
136.324 2
136.392 4
136.459 3
136.527 1
136.594 2
136.594 3
136.662 4
136.729 1
136.797 4
136.864 1
136.864 2
136.932 3
136.999 4
137.067 1
137.134 2
137.134 3
137.134 4
137.202 1
137.269 3
137.337 4
137.404 1
137.404 2
137.404 3
137.472 4
137.539 2
137.607 1
137.674 2
137.674 3
137.674 4
137.742 1
137.809 3
137.809 4
137.877 2
137.944 1
137.944 3
137.944 4
138.012 2
138.079 4
138.147 1
138.214 2
138.214 3
138.214 4
138.282 1
138.349 4
138.417 1
138.417 3
138.484 2
138.484 4
138.552 1
138.619 2
138.619 3
138.619 4
138.687 1
138.754 3
138.754 4
138.822 2
138.889 1
138.957 4
139.024 2
139.024 3
139.092 4
139.159 1
139.159 2
139.227 4
139.294 1
139.294 2
139.294 3
139.362 4
139.429 1
139.429 3
139.497 2
139.564 1
139.564 3
139.564 4
139.632 2
139.699 4
139.767 3
139.834 1
139.834 2
139.834 4
139.902 3
139.969 1
139.969 2
140.037 3
140.037 4
140.104 1
140.104 2
140.172 4
140.239 2
140.307 1
140.374 2
140.374 3
140.374 4
140.442 1
140.509 3
140.577 1
140.577 4
140.644 2
140.644 3
140.712 1
140.779 2
140.779 4
140.847 3
140.914 1
140.914 4
140.982 2
140.982 3
141.049 1
141.117 2
141.184 3
141.184 4
141.252 1
141.319 2
141.319 3
141.387 4
141.454 1
141.454 2
141.454 3
141.522 4
141.589 1
141.589 2
141.657 3
141.657 4
141.724 1
141.724 2
141.792 4
141.859 1
141.859 2
141.927 3
141.927 4
141.994 1
141.994 2
142.062 4
142.129 1
142.129 2
142.197 3
142.197 4
142.264 1
142.264 2
142.332 3
142.332 4
142.399 1
142.399 2
142.467 3
142.467 4
142.534 1
142.534 2
142.602 3
142.669 1
142.669 4
142.737 2
142.804 1
142.804 3
142.804 4
142.872 2
142.939 3
142.939 4
143.007 1
143.074 2
143.074 3
143.074 4
143.142 1
143.209 2
143.209 3
143.277 4
143.344 1
143.344 2
143.344 3
143.412 4
143.479 1
143.479 2
143.547 3
143.614 1
143.614 2
143.614 4
143.682 3
143.749 1
143.749 4
143.817 2
143.884 1
143.884 3
143.884 4
143.952 2
144.019 3
144.019 4
144.087 1
144.154 2
144.154 3
144.154 4
144.222 1
144.289 4
144.323 3
144.357 2
144.39 1
144.424 3
144.424 4
144.492 1
144.492 2
144.559 3
144.559 4
144.627 1
144.694 2
144.694 3
144.694 4
144.762 1
144.829 3
144.829 4
144.897 2
144.964 1
144.964 3
144.964 4
145.032 2
145.099 3
145.099 4
145.167 1
145.234 2
145.234 3
145.302 4
145.369 1
145.369 2
145.437 3
145.504 1
145.504 2
145.572 3
145.572 4
145.639 1
145.639 2
145.707 3
145.707 4
145.774 1
145.774 2
145.842 3
145.842 4
145.909 1
145.909 2
145.977 3
145.977 4
146.044 1
146.044 2
146.112 3
146.112 4
146.179 1
146.179 2
146.247 3
146.247 4
146.314 1
146.314 2
146.382 3
146.382 4
146.449 1
146.483 2
146.517 3
146.55 4
146.584 1
146.584 2
146.652 3
146.652 4
146.719 1
146.719 2
146.787 3
146.787 4
146.854 1
146.854 2
146.922 3
146.989 4
147.057 2
147.124 1
147.124 3
147.124 4
147.192 2
147.259 3
147.327 1
147.394 2
147.394 4
147.462 3
147.529 2
147.597 4
147.664 1
147.664 2
147.664 3
147.732 4
147.799 1
147.867 3
147.934 1
147.934 2
148.002 4
148.069 3
148.137 2
148.204 1
148.204 3
148.204 4
148.272 2
148.339 4
148.407 3
148.474 1
148.474 2
148.542 3
148.609 1
148.677 4
148.744 1
148.744 2
148.744 3
148.812 4
148.879 1
148.879 2
148.947 3
149.014 1
149.014 2
149.014 4
149.082 3
149.149 2
149.217 4
149.284 1
149.284 2
149.284 3
149.352 4
149.419 1
149.487 2
149.554 3
149.554 4
149.622 2
149.689 4
149.757 1
149.824 2
149.824 3
149.824 4
149.892 1
149.959 3
149.959 4
150.027 2
150.094 1
150.094 4
150.162 3
150.229 1
150.297 2
150.364 1
150.364 3
150.364 4
150.432 2
150.499 3
150.499 4
150.567 1
150.634 2
150.634 3
150.634 4
150.702 1
150.769 3
150.837 2
150.837 4
150.904 1
150.904 3
150.972 2
151.039 1
151.039 3
151.039 4
151.107 2
151.174 1
151.174 3
151.174 4
151.242 2
151.309 4
151.377 3
151.444 1
151.444 2
151.444 4
151.512 3
151.579 1
151.647 4
151.714 2
151.714 3
151.782 4
151.849 3
151.917 2
151.984 1
151.984 3
151.984 4
152.052 2
152.119 1
152.119 3
152.187 4
152.254 2
152.322 3
152.389 1
152.389 2
152.457 3
152.524 1
152.524 2
152.524 4
152.592 3
152.659 1
152.659 2
152.727 3
152.794 1
152.794 4
152.862 2
152.929 3
152.929 4
152.997 2
153.064 1
153.064 4
153.132 3
153.199 1
153.199 2
153.267 3
153.267 4
153.334 1
153.334 2
153.402 3
153.469 1
153.469 4
153.537 2
153.604 3
153.604 4
153.672 2
153.739 3
153.739 4
153.807 1
153.807 2
153.874 3
153.874 4
153.942 2
154.009 1
154.009 4
154.077 3
154.144 1
154.144 2
154.212 3
154.279 1
154.279 2
154.347 3
154.347 4
154.414 1
154.414 2
154.482 3
154.549 2
154.549 4
154.617 1
154.617 3
154.684 2
154.684 4
154.752 3
154.819 1
154.819 2
154.887 3
154.887 4
154.954 1
154.954 2
155.022 4
155.089 1
155.123 2
155.157 3
155.19 4
155.224 1
155.224 2
155.292 3
155.292 4
155.359 1
155.359 2
155.427 3
155.427 4
155.494 1
155.494 2
155.562 4
155.629 3
155.697 1
155.764 2
155.764 3
155.764 4
155.832 1
155.899 4
155.967 2
156.034 1
156.034 3
156.102 4
156.169 1
156.237 3
156.304 1
156.304 2
156.304 4
156.372 3
156.439 2
156.507 4
156.574 1
156.574 2
156.642 3
156.709 4
156.777 1
156.844 2
156.844 3
156.844 4
156.912 1
156.979 3
157.047 4
157.114 1
157.114 2
157.182 4
157.249 2
157.317 3
157.384 1
157.384 2
157.384 4
157.452 3
157.519 1
157.519 2
157.587 4
157.654 1
157.654 2
157.654 3
157.722 4
157.789 1
157.857 3
157.924 1
157.924 2
157.924 4
157.992 3
158.059 2
158.127 1
158.194 3
158.194 4
158.262 1
158.329 3
158.397 2
158.464 1
158.464 3
158.464 4
158.532 2
158.599 3
158.599 4
158.667 1
158.734 2
158.734 3
158.802 4
158.869 2
158.937 1
159.004 2
159.004 3
159.004 4
159.072 1
159.139 3
159.139 4
159.207 2
159.274 1
159.274 3
159.274 4
159.342 2
159.409 4
159.477 1
159.477 3
159.544 2
159.544 4
159.612 1
159.679 2
159.679 3
159.679 4
159.747 1
159.814 2
159.814 3
159.814 4
159.882 1
159.949 3
160.017 4
160.084 1
160.084 2
160.084 3
160.152 4
160.219 2
160.287 3
160.354 1
160.354 4
160.422 3
160.489 4
160.557 1
160.624 2
160.624 3
160.624 4
160.692 1
160.759 2
160.759 4
160.827 3
160.894 1
160.962 4
161.029 1
161.029 2
161.097 4
161.164 1
161.164 2
161.164 3
161.232 4
161.299 1
161.299 2
161.367 4
161.434 2
161.434 3
161.502 1
161.569 3
161.569 4
161.637 1
161.704 2
161.704 3
161.772 4
161.839 1
161.839 2
161.907 3
161.907 4
161.974 1
161.974 2
162.042 4
162.109 2
162.109 3
162.177 1
162.244 3
162.244 4
162.312 1
162.379 3
162.379 4
162.447 1
162.447 2
162.514 3
162.514 4
162.582 1
162.649 2
162.649 3
162.717 4
162.784 1
162.784 2
162.852 3
162.919 1
162.919 2
162.987 3
162.987 4
163.054 1
163.054 2
163.122 3
163.189 2
163.189 4
163.257 1
163.257 3
163.324 2
163.324 4
163.392 3
163.459 1
163.459 2
163.527 3
163.527 4
163.594 1
163.594 2
163.662 3
163.729 1
163.763 2
163.797 4
163.831 3
163.864 1
163.864 2
163.932 3
163.932 4
163.999 1
163.999 2
164.067 3
164.067 4
164.134 1
164.134 2
164.202 3
164.269 1
164.337 2
164.404 3
164.404 4
164.472 1
164.539 2
164.607 3
164.674 2
164.674 4
164.742 1
164.809 2
164.877 3
164.944 1
164.944 4
165.012 3
165.079 1
165.079 2
165.147 3
165.147 4
165.214 2
165.282 1
165.282 4
165.349 3
165.417 2
165.484 1
165.484 3
165.484 4
165.552 2
165.619 3
165.687 1
165.687 2
165.687 4
165.754 3
165.822 1
165.889 2
165.889 3
165.889 4
165.957 1
166.024 4
166.092 1
166.092 2
166.092 3
166.159 4
166.227 2
166.294 1
166.294 4
166.362 3
166.429 2
166.497 3
166.564 2
166.564 4
166.632 3
166.699 1
166.767 4
166.834 1
166.834 2
166.902 4
166.969 2
167.037 3
167.104 1
167.104 2
167.172 4
167.239 1
167.239 3
167.307 2
167.307 4
167.374 3
167.442 2
167.509 1
167.509 3
167.509 4
167.577 2
167.644 1
167.644 4
167.712 3
167.779 2
167.847 3
167.914 1
167.914 2
167.914 4
167.982 3
168.049 1
168.117 2
168.117 3
168.117 4
168.184 1
168.252 3
168.319 1
168.319 2
168.319 4
168.387 3
168.454 1
168.454 2
168.522 4
168.589 3
168.657 2
168.724 1
168.792 3
168.859 1
168.859 2
168.859 4
168.927 3
168.994 1
168.994 2
169.062 4
169.129 3
169.197 2
169.264 1
169.264 4
169.332 2
169.399 3
169.467 4
169.534 1
169.534 3
169.602 2
169.669 1
169.737 2
169.804 3
169.804 4
169.872 2
169.939 1
170.007 2
170.074 3
170.074 4
170.142 1
170.209 2
170.277 3
170.344 1
170.344 4
170.412 3
170.479 1
170.479 2
170.547 3
170.614 1
170.614 4
170.682 3
170.749 2
170.817 1
170.884 2
170.884 3
170.884 4
170.952 1
171.019 4
171.087 3
171.154 1
171.154 2
171.154 4
171.222 3
171.289 2
171.357 1
171.357 3
171.357 4
171.424 2
171.492 3
171.559 1
171.559 2
171.627 3
171.627 4
171.694 1
171.694 2
171.762 3
171.762 4
171.829 1
171.897 2
171.964 1
171.964 3
171.964 4
172.032 2
172.099 3
172.099 4
172.167 1
172.167 2
172.234 3
172.302 1
172.302 2
172.369 3
172.369 4
172.437 1
172.437 2
172.504 3
172.504 4
172.572 1
172.572 2
172.639 3
172.639 4
172.707 1
172.707 2
172.774 3
172.774 4
172.842 2
172.909 1
172.977 3
173.044 1
173.044 4
173.112 2
173.179 3
173.247 2
173.314 3
173.314 4
173.382 1
173.449 2
173.517 3
173.584 1
173.584 2
173.652 3
173.719 1
173.719 2
173.719 4
173.787 3
173.854 2
173.922 3
173.989 1
174.057 2
174.124 3
174.124 4
174.192 2
174.259 1
174.327 2
174.394 3
174.394 4
174.462 1
174.529 2
174.597 3
174.664 1
174.664 4
174.732 3
174.799 1
174.799 2
174.867 3
174.934 1
174.934 4
175.002 2
175.069 3
175.137 2
175.204 1
175.204 4
175.272 3
175.339 2
175.407 3
175.474 2
175.474 4
175.542 1
175.609 2
175.677 3
175.744 1
175.744 4
175.812 2
175.879 1
175.879 3
175.879 4
175.947 2
176.014 3
176.082 1
176.149 2
176.149 4
176.217 3
176.284 1
176.284 2
176.352 3
176.419 1
176.419 4
176.487 2
176.554 3
176.554 4
176.622 1
176.689 3
176.689 4
176.757 1
176.824 2
176.824 3
176.824 4
176.892 1
176.959 3
176.959 4
177.027 2
177.094 1
177.094 3
177.094 4
177.162 2
177.229 1
177.297 4
177.364 1
177.432 2
177.499 1
177.499 3
177.499 4
177.567 2
177.634 4
177.702 1
177.769 4
177.837 3
177.904 1
177.904 2
177.904 4
177.972 3
178.039 1
178.107 4
178.174 1
178.242 2
178.309 1
178.309 3
178.309 4
178.377 2
178.444 1
178.444 3
178.444 4
178.512 2
178.579 4
178.647 3
178.714 1
178.714 2
178.714 4
178.782 3
178.849 2
178.917 1
178.984 2
178.984 3
178.984 4
179.052 1
179.119 3
179.119 4
179.187 2
179.254 1
179.254 3
179.254 4
179.322 2
179.389 1
179.389 3
179.457 2
179.457 4
179.524 1
179.524 3
179.592 2
179.659 3
179.659 4
179.727 1
179.727 2
179.794 3
179.794 4
179.862 1
179.929 2
179.929 4
179.997 1
179.997 3
180.064 2
180.064 4
180.132 1
180.199 3
180.199 4
180.267 1
180.267 2
180.334 3
180.334 4
180.402 2
180.469 1
180.469 4
180.537 2
180.537 3
180.604 1
180.604 4
180.672 3
180.739 1
180.739 2
180.807 3
180.807 4
180.874 1
180.874 2
180.942 3
180.942 4
181.009 1
181.043 2
181.077 4
181.111 3
181.144 1
181.144 2
181.212 3
181.212 4
181.279 1
181.279 2
181.347 3
181.347 4
181.414 1
181.414 2
181.482 3
181.549 4
181.617 1
181.617 2
181.684 3
181.684 4
181.752 1
181.819 2
181.887 3
181.954 1
181.954 4
182.022 2
182.089 1
182.089 3
182.089 4
182.157 2
182.224 3
182.292 4
182.359 1
182.359 2
182.359 3
182.427 4
182.494 1
182.494 2
182.562 3
182.629 1
182.697 2
182.764 3
182.764 4
182.832 1
182.899 2
182.967 3
183.034 1
183.034 2
183.034 4
183.102 3
183.169 2
183.237 1
183.304 3
183.304 4
183.372 1
183.439 2
183.439 3
183.507 4
183.574 1
183.574 3
183.642 2
183.709 1
183.777 3
183.844 1
183.844 4
183.912 3
183.979 2
184.047 1
184.114 3
184.114 4
184.182 2
184.249 1
184.249 3
184.249 4
184.317 2
184.384 3
184.452 1
184.519 2
184.519 3
184.519 4
184.587 1
184.654 3
184.654 4
184.722 1
184.79 2
184.857 3
184.924 1
184.924 4
184.992 2
185.06 3
185.127 4
185.195 1
185.195 2
185.195 3
185.262 4
185.33 3
185.397 2
185.465 1
185.465 4
185.532 2
185.6 3
185.6 4
185.667 2
185.735 3
185.735 4
185.802 1
185.87 2
185.937 3
186.005 1
186.005 4
186.072 2
186.14 3
186.207 1
186.207 2
186.275 3
186.275 4
186.342 1
186.41 2
186.477 3
186.477 4
186.545 2
186.612 1
186.612 3
186.68 2
186.68 4
186.747 3
186.815 1
186.815 2
186.882 3
186.882 4
186.95 1
187.017 2
187.085 3
187.085 4
187.152 1
187.22 2
187.287 3
187.287 4
187.355 2
187.422 3
187.49 1
187.49 4
187.557 2
187.625 3
187.625 4
187.692 1
187.76 2
187.827 3
187.895 1
187.895 4
187.962 3
188.03 2
188.097 1
188.165 2
188.165 4
188.232 3
188.3 2
188.367 1
188.435 3
188.435 4
188.502 2
188.57 3
188.637 1
188.705 3
188.705 4
188.772 2
188.84 3
188.84 4
188.907 1
188.907 2
188.975 3
188.975 4
189.042 1
189.11 2
189.11 3
189.177 4
189.245 1
189.245 2
189.312 3
189.38 1
189.38 4
189.447 2
189.447 3
189.515 1
189.515 4
189.582 2
189.65 3
189.683 4
189.717 1
189.751 2
189.785 3
189.785 4
189.852 1
189.852 2
189.92 3
189.92 4
189.987 1
189.987 2
190.054 3
190.055 4
190.122 1
190.19 2
190.257 3
190.325 1
190.325 4
190.392 3
190.46 1
190.527 2
190.595 3
190.595 4
190.662 2
190.73 1
190.797 3
190.865 1
190.865 4
190.932 3
191.0 2
191.067 3
191.135 1
191.135 4
191.202 2
191.27 3
191.337 2
191.405 1
191.405 4
191.472 2
191.54 3
191.607 2
191.675 1
191.675 4
191.742 3
191.81 2
191.877 3
191.945 1
191.945 4
192.012 2
192.08 1
192.08 3
192.147 2
192.215 1
192.215 4
192.282 3
192.35 1
192.35 2
192.417 3
192.485 2
192.485 4
192.552 1
192.62 4
192.687 3
192.755 1
192.755 2
192.822 3
192.89 1
192.957 2
192.957 4
193.025 1
193.025 3
193.092 4
193.16 2
193.227 3
193.295 1
193.295 4
193.362 3
193.43 2
193.497 1
193.565 2
193.565 4
193.632 3
193.7 2
193.767 1
193.835 3
193.835 4
193.902 2
193.97 3
194.037 1
194.105 3
194.105 4
194.172 2
194.24 3
194.24 4
194.307 1
194.375 2
194.375 4
194.442 1
194.51 3
194.577 4
194.645 3
194.712 1
194.78 4
194.847 2
194.915 3
194.982 4
195.05 3
195.117 2
195.185 1
195.252 3
195.32 1
195.387 2
195.455 3
195.455 4
195.522 2
195.59 3
195.657 4
195.725 2
195.792 4
195.86 1
195.927 2
195.995 3
195.995 4
196.062 1
196.13 2
196.197 3
196.265 1
196.298 4
196.332 2
196.366 3
196.4 1
196.433 4
196.467 2
196.501 3
196.535 1
196.535 4
196.602 2
196.67 3
196.67 4
196.737 2
196.805 1
196.805 4
196.872 3
196.94 1
196.94 2
197.007 3
197.075 1
197.075 2
197.075 4
197.142 3
197.21 1
197.21 2
197.277 3
197.345 1
197.345 4
197.412 2
197.48 3
197.48 4
197.547 1
197.547 2
197.615 3
197.615 4
197.682 2
197.75 3
197.75 4
197.817 2
197.885 1
197.885 4
197.952 3
198.02 1
198.02 2
198.087 3
198.087 4
198.155 1
198.155 2
198.222 4
198.29 1
198.323 2
198.357 4
198.391 3
198.425 1
198.425 2
198.492 3
198.492 4
198.56 1
198.56 2
198.627 4
198.695 1
198.695 2
198.695 3
198.762 4
198.83 1
198.83 2
198.897 3
198.897 4
198.965 1
198.965 2
199.032 3
199.032 4
199.1 1
199.1 2
199.167 3
199.235 1
199.235 2
199.235 4
199.302 3
199.37 1
199.37 2
199.437 3
199.437 4
199.505 1
199.505 2
199.572 3
199.572 4
199.64 1
199.64 2
199.707 4
199.775 1
199.775 2
199.775 3
199.842 4
199.91 1
199.91 2
199.977 3
199.977 4
200.045 1
200.045 2
200.112 3
200.112 4
200.18 1
200.18 2
200.247 3
200.315 1
200.315 2
200.315 4
200.382 3
200.45 1
200.45 2
200.517 3
200.517 4
200.585 1
200.585 2
200.652 3
200.652 4
200.72 1
200.72 2
200.787 3
200.787 4
200.855 1
200.855 2
200.922 3
200.99 2
201.057 4
201.125 3
201.192 2
201.26 4
201.327 3
201.395 2
201.462 4
201.53 3
201.597 1
201.665 4
201.732 3
201.8 4
201.867 3
201.935 4
202.002 2
202.07 1
202.137 4
202.205 2
202.272 1
202.34 4
202.407 2
202.475 1
202.542 3
202.61 2
202.677 1
202.745 3
202.812 2
202.88 3
202.947 2
203.015 1
203.015 4
203.082 3
203.15 1
203.217 4
203.285 3
203.352 1
203.42 4
203.487 3
203.555 1
203.622 3
203.69 2
203.757 1
203.825 3
203.892 2
203.96 3
204.027 2
204.095 1
204.095 4
204.162 3
204.23 1
204.297 4
204.365 2
204.432 1
204.5 3
204.567 2
204.635 1
204.635 4
204.702 3
204.77 1
204.837 4
204.905 2
204.972 1
205.04 3
205.107 2
205.175 3
205.175 4
205.242 2
205.31 1
205.377 4
205.445 2
205.512 1
205.58 4
205.647 2
205.715 1
205.782 4
205.85 3
205.917 1
205.985 3
206.052 2
206.12 3
206.187 2
206.255 1
206.255 4
206.322 3
206.39 4
206.457 3
206.525 2
206.592 1
206.66 2
206.727 1
206.795 3
206.795 4
206.862 2
206.93 3
206.997 2
207.065 4
207.132 2
207.2 4
207.267 2
207.335 3
207.335 4
207.402 2
207.47 4
207.537 2
207.605 3
207.672 1
207.74 3
207.807 1
207.875 2
207.942 1
208.01 2
208.077 1
208.145 4
208.212 2
208.28 4
208.347 2
208.415 1
208.415 4
208.482 3
208.55 1
208.617 4
208.685 3
208.752 1
208.82 4
208.887 3
208.955 1
208.955 2
209.022 3
209.09 2
209.157 1
209.225 3
209.292 2
209.36 3
209.36 4
209.427 1
209.427 2
209.495 3
209.495 4
209.562 2
209.63 3
209.697 2
209.765 4
209.832 3
209.9 4
209.967 3
210.035 4
210.102 2
210.17 4
210.237 2
210.305 4
210.372 1
210.44 4
210.507 1
210.575 2
210.575 3
210.665 4
210.755 3
210.845 2
210.912 1
210.98 3
211.047 1
211.115 2
211.115 4
211.182 3
211.25 1
211.317 4
211.385 3
211.452 1
211.52 3
211.587 2
211.655 1
211.655 3
211.655 4
211.722 2
211.79 3
211.857 2
211.925 4
211.992 3
212.06 4
212.127 3
212.195 4
212.195 1
212.262 2
212.33 4
212.397 2
212.465 3
212.532 2
212.6 3
212.667 2
212.735 1
212.735 4
212.802 3
212.87 4
212.937 3
213.005 4
213.072 2
213.14 4
213.207 2
213.275 3
213.275 4
213.342 1
213.41 3
213.477 1
213.545 4
213.612 2
213.68 4
213.747 2
213.815 1
213.815 3
213.815 4
213.882 2
213.95 1
214.017 3
214.085 2
214.152 1
214.22 3
214.287 2
214.355 1
214.422 2
214.49 1
214.557 4
214.625 3
214.692 1
214.76 3
214.76 4
214.827 1
214.827 2
214.895 3
214.895 4
214.962 1
215.03 4
215.097 1
215.165 2
215.232 1
215.3 2
215.367 1
215.435 3
215.435 4
215.502 2
215.57 1
215.637 4
215.705 3
215.772 1
215.84 3
215.907 2
215.975 1
215.975 3
215.975 4
216.042 2
216.11 3
216.177 2
216.245 3
216.312 2
216.38 3
216.447 2
216.515 4
216.515 3
216.582 2
216.65 3
216.717 2
216.785 1
216.785 3
216.852 2
216.92 3
216.987 2
217.055 4
217.122 3
217.19 2
217.257 4
217.325 2
217.325 3
217.392 1
217.46 4
217.527 2
217.595 1
217.595 4
217.662 3
217.73 2
217.797 1
217.865 2
217.865 4
217.932 3
218.0 1
218.0 2
218.067 3
218.067 4
218.135 1
218.135 2
218.202 3
218.27 4
218.337 2
218.337 1
218.405 3
218.405 4
218.472 1
218.54 2
218.607 4
218.607 3
218.675 1
218.675 2
218.742 3
218.742 4
218.81 1
218.877 2
218.945 3
218.945 4
219.012 2
219.08 3
219.08 4
219.147 2
219.215 3
219.215 4
219.282 2
219.35 1
219.417 3
219.417 4
219.485 1
219.485 2
219.552 4
219.62 2
219.62 3
219.687 1
219.755 3
219.755 4
219.822 1
219.822 2
219.89 4
219.957 3
220.025 1
220.025 2
220.092 3
220.16 1
220.16 2
220.227 3
220.295 2
220.295 4
220.362 1
220.43 3
220.497 2
220.497 4
220.565 1
220.565 3
220.632 2
220.7 1
220.7 4
220.767 3
220.835 2
220.835 4
220.902 1
220.902 3
220.97 2
221.037 4
221.105 1
221.105 3
221.172 4
221.24 1
221.24 2
221.307 4
221.375 1
221.375 3
221.442 4
221.51 1
221.51 2
221.577 3
221.577 4
221.645 1
221.645 2
221.712 3
221.78 1
221.78 4
221.847 2
221.915 3
221.915 4
221.982 2
222.05 1
222.05 4
222.117 3
222.185 1
222.185 2
222.252 3
222.32 1
222.32 4
222.387 2
222.455 1
222.455 3
222.455 4
222.522 2
222.59 3
222.657 2
222.657 4
222.725 1
222.725 3
222.792 2
222.86 1
222.86 4
222.86 3
222.927 2
222.995 1
222.995 3
222.995 4
223.062 2
223.13 4
223.197 3
223.265 1
223.265 2
223.265 4
223.332 3
223.4 1
223.4 4
223.467 2
223.535 1
223.535 3
223.535 4
223.602 2
223.67 1
223.67 3
223.737 4
223.805 1
223.805 2
223.805 3
223.872 4
223.94 2
224.007 1
224.075 2
224.075 3
224.075 4
224.142 1
224.21 3
224.21 4
224.277 2
224.345 1
224.345 3
224.345 4
224.412 2
224.48 3
224.547 4
224.615 1
224.615 2
224.615 3
224.682 4
224.75 1
224.817 2
224.885 1
224.885 3
224.885 4
224.952 2
225.02 3
225.087 2
225.155 1
225.155 3
225.155 4
225.222 2
225.29 4
225.357 3
225.425 1
225.425 2
225.425 4
225.492 3
225.56 1
225.56 2
225.627 3
225.627 4
225.695 1
225.695 2
225.762 3
225.83 4
225.897 2
225.965 1
225.965 3
225.965 4
226.032 2
226.1 3
226.1 4
226.167 1
226.167 2
226.235 3
226.235 4
226.302 1
226.302 2
226.37 4
226.404 3
226.437 2
226.471 1
226.505 3
226.505 4
226.572 1
226.572 2
226.64 3
226.64 4
226.707 1
226.707 2
226.775 3
226.775 4
226.842 2
226.91 3
226.91 4
226.977 2
227.045 1
227.045 4
227.112 3
227.18 1
227.18 4
227.247 2
227.315 1
227.315 3
227.382 4
227.45 1
227.45 3
227.517 2
227.585 3
227.585 4
227.652 1
227.72 3
227.72 4
227.787 1
227.855 3
227.855 4
227.922 1
227.945 2
227.99 3
228.035 4
228.057 1
228.125 2
228.125 3
228.192 4
228.26 1
228.327 2
228.395 3
228.395 4
228.462 2
228.53 1
228.597 3
228.597 4
228.665 1
228.665 2
228.732 3
228.8 1
228.8 2
228.867 3
228.867 4
228.935 1
228.935 2
229.002 3
229.07 4
229.137 2
229.205 1
229.205 3
229.272 2
229.34 4
229.407 2
229.475 1
229.475 4
229.542 3
229.61 2
229.677 3
229.745 2
229.745 1
229.812 4
229.88 1
229.88 3
229.947 2
230.015 1
230.015 3
230.015 4
230.082 2
230.15 4
230.217 3
230.285 1
230.285 2
230.285 4
230.352 3
230.42 1
230.487 2
230.555 1
230.555 3
230.555 4
230.622 2
230.69 4
230.757 1
230.825 2
230.825 3
230.825 4
230.892 1
230.96 3
231.027 2
231.095 1
231.095 3
231.095 4
231.162 2
231.23 3
231.297 2
231.297 4
231.365 1
231.365 3
231.432 2
231.5 1
231.5 3
231.5 4
231.567 2
231.635 3
231.635 4
231.702 1
231.77 2
231.837 3
231.905 1
231.905 4
231.972 3
232.04 1
232.04 2
232.107 3
232.175 1
232.175 2
232.175 4
232.242 3
232.31 2
232.31 4
232.377 1
232.445 2
232.445 3
232.445 4
232.512 1
232.58 3
232.647 4
232.715 1
232.715 2
232.715 3
232.782 4
232.85 1
232.85 2
232.917 3
232.917 4
232.985 1
232.985 2
233.052 3
233.12 1
233.187 2
233.255 1
233.255 3
233.255 4
233.322 2
233.39 4
233.457 2
233.457 3
233.525 1
233.525 4
233.592 2
233.66 1
233.66 3
233.727 4
233.795 2
233.795 3
233.862 1
233.93 3
233.93 4
233.997 1
233.997 2
234.065 3
234.065 4
234.132 2
234.2 1
234.2 4
234.268 3
234.335 1
234.335 2
234.335 4
234.402 3
234.47 1
234.47 2
234.537 3
234.537 4
234.605 1
234.605 2
234.672 3
234.74 1
234.74 2
234.807 3
234.807 4
234.875 1
234.875 2
234.943 3
234.943 4
235.01 1
235.044 2
235.077 3
235.111 4
235.145 1
235.145 2
235.213 3
235.213 4
235.28 1
235.28 2
235.348 3
235.348 4
235.415 1
235.415 2
235.483 3
235.55 1
235.55 2
235.618 3
235.618 4
235.685 1
235.685 2
235.753 3
235.82 1
235.82 4
235.888 3
235.955 1
235.955 2
236.023 3
236.023 4
236.09 1
236.09 2
236.158 3
236.225 1
236.225 4
236.293 2
236.36 3
236.36 4
236.428 1
236.495 3
236.495 4
236.563 1
236.63 2
236.63 4
236.698 1
236.698 3
236.765 2
236.765 4
236.833 3
236.9 1
236.9 2
236.968 3
237.035 1
237.035 4
237.103 2
237.103 3
237.17 1
237.17 4
237.238 2
237.305 3
237.305 4
237.373 1
237.44 2
237.44 4
237.508 3
237.575 1
237.575 2
237.643 3
237.71 1
237.71 2
237.778 3
237.778 4
237.845 1
237.845 2
237.913 4
237.98 2
237.98 3
238.048 1
238.115 3
238.115 4
238.183 1
238.183 2
238.25 3
238.25 4
238.318 1
238.385 2
238.385 4
238.453 3
238.52 1
238.52 2
238.588 3
238.655 2
238.655 4
238.723 3
238.79 1
238.79 2
238.858 3
238.858 4
238.925 1
238.925 2
238.993 4
239.06 2
239.06 3
239.128 1
239.195 4
239.195 3
239.263 1
239.33 2
239.33 3
239.398 4
239.465 1
239.465 2
239.533 4
239.6 2
239.6 3
239.668 1
239.735 2
239.735 3
239.735 4
239.803 1
239.87 3
239.87 4
239.938 1
239.938 2
240.005 3
240.005 4
240.073 1
240.14 3
240.14 4
240.208 1
240.275 2
240.275 3
240.275 4
240.343 1
240.41 2
240.41 3
240.478 4
240.545 1
240.545 2
240.545 3
240.613 4
240.68 2
240.68 3
240.748 1
240.815 2
240.815 3
240.815 4
240.883 1
240.95 2
240.95 4
241.018 3
241.085 1
241.085 2
241.085 4
241.153 3
241.22 1
241.22 4
241.288 2
241.355 1
241.355 3
241.355 4
241.423 2
241.49 3
241.49 4
241.558 1
241.625 2
241.625 3
241.625 4
241.693 1
241.76 2
241.76 4
241.828 3
241.895 1
241.895 2
241.895 4
241.963 3
242.03 1
242.03 2
242.098 4
242.165 1
242.165 2
242.165 3
242.233 4
242.3 1
242.3 3
242.368 2
242.435 1
242.435 3
242.435 4
242.503 2
242.57 3
242.57 4
242.638 1
242.705 2
242.705 3
242.705 4
242.773 1
242.84 3
242.84 4
242.908 1
242.908 2
242.975 3
242.975 4
243.043 2
243.11 1
243.11 3
243.178 2
243.245 1
243.245 3
243.245 4
243.313 2
243.38 3
243.38 4
243.448 1
243.448 2
243.515 3
243.515 4
243.583 1
243.583 2
243.65 3
243.684 4
243.718 1
243.751 2
243.785 3
243.785 4
243.853 1
243.853 2
243.92 3
243.92 4
243.988 1
243.988 2
244.055 3
244.055 4
244.123 1
244.19 3
244.19 4
244.258 1
244.325 2
244.325 3
244.393 4
244.46 2
244.46 3
244.528 1
244.595 2
244.595 4
244.663 3
244.73 2
244.73 4
244.798 1
244.865 3
244.865 4
244.933 2
245.0 3
245.0 4
245.068 2
245.135 3
245.135 4
245.203 2
245.225 1
245.27 4
245.315 3
245.338 2
245.405 1
245.405 4
245.473 3
245.54 2
245.54 4
245.608 1
245.675 3
245.675 4
245.743 2
245.81 1
245.81 3
245.878 2
245.878 4
245.945 1
245.945 3
246.013 4
246.08 1
246.08 2
246.148 4
246.215 2
246.215 3
246.283 1
246.35 3
246.35 4
246.418 2
246.485 1
246.485 4
246.553 2
246.62 3
246.62 4
246.688 1
246.755 2
246.755 3
246.823 4
246.89 1
246.89 2
246.958 4
247.025 1
247.025 2
247.093 3
247.16 2
247.16 4
247.228 1
247.295 2
247.295 3
247.295 4
247.363 1
247.43 3
247.43 4
247.498 2
247.565 1
247.565 3
247.565 4
247.633 2
247.7 1
247.7 3
247.768 4
247.835 1
247.835 2
247.835 3
247.903 4
247.97 1
247.97 2
248.038 3
248.105 1
248.105 2
248.105 4
248.173 3
248.24 2
248.24 4
248.308 1
248.375 2
248.375 3
248.375 4
248.443 1
248.51 3
248.51 4
248.578 1
248.578 2
248.645 3
248.645 4
248.713 1
248.78 2
248.78 3
248.78 4
248.848 1
248.915 3
248.915 4
248.983 2
249.05 1
249.05 3
249.118 4
249.185 2
249.185 3
249.253 4
249.32 1
249.32 2
249.388 4
249.455 1
249.455 2
249.455 3
249.523 4
249.59 1
249.59 3
249.658 2
249.725 1
249.725 3
249.725 4
249.793 2
249.86 1
249.86 4
249.928 3
249.995 1
249.995 2
249.995 4
250.063 3
250.13 1
250.13 2
250.198 3
250.198 4
250.265 1
250.265 2
250.333 4
250.4 2
250.4 3
250.468 1
250.535 2
250.535 3
250.535 4
250.603 1
250.67 3
250.67 4
250.738 1
250.738 2
250.805 3
250.805 4
250.873 1
250.94 2
250.94 4
251.008 3
251.075 1
251.075 4
251.143 2
251.143 3
251.21 1
251.21 4
251.278 2
251.345 3
251.345 4
251.413 1
251.48 2
251.48 3
251.548 4
251.615 1
251.615 2
251.615 3
251.683 4
251.75 1
251.75 2
251.818 3
251.818 4
251.885 1
251.885 2
251.953 4
252.02 1
252.02 2
252.088 3
252.088 4
252.155 1
252.155 2
252.223 4
252.29 1
252.29 2
252.358 3
252.358 4
252.425 1
252.425 2
252.493 3
252.493 4
252.56 1
252.56 2
252.628 3
252.628 4
252.695 1
252.695 2
252.763 3
252.83 1
252.83 4
252.898 2
252.965 1
252.965 3
252.965 4
253.033 2
253.1 3
253.1 4
253.168 1
253.235 2
253.235 3
253.235 4
253.303 1
253.37 2
253.37 3
253.438 4
253.505 1
253.505 2
253.505 3
253.573 4
253.64 1
253.64 2
253.708 3
253.775 1
253.775 2
253.775 4
253.843 3
253.91 1
253.91 4
253.978 2
254.045 1
254.045 3
254.045 4
254.113 2
254.18 3
254.18 4
254.248 1
254.315 2
254.315 3
254.315 4
254.383 1
254.45 4
254.484 3
254.518 1
254.551 2
254.585 3
254.585 4
254.653 1
254.653 2
254.72 3
254.72 4
254.788 1
254.855 2
254.855 3
254.855 4
254.923 1
254.99 3
254.99 4
255.058 2
255.125 1
255.125 3
255.125 4
255.193 2
255.26 3
255.26 4
255.328 1
255.395 2
255.395 3
255.463 4
255.53 1
255.53 2
255.598 3
255.665 1
255.665 2
255.733 3
255.733 4
255.8 1
255.8 2
255.868 3
255.868 4
255.935 1
255.935 2
256.003 3
256.003 4
256.07 1
256.07 2
256.138 3
256.138 4
256.205 1
256.205 2
256.273 3
256.273 4
256.34 1
256.34 2
256.408 3
256.408 4
256.475 1
256.475 2
256.543 3
256.543 4
256.61 1
256.61 2
256.678 3
256.678 4
256.745 1
256.745 2
256.813 3
256.813 4
256.88 1
256.88 2
256.948 3
256.948 4
257.015 4
257.015 3
257.015 2
257.015 1