0.225 1
0.225 4
0.35 3
0.35 4
0.412 1
0.412 2
0.475 3
0.475 4
0.537 2
0.6 1
0.662 3
0.725 2
0.725 4
0.787 3
0.787 1
0.85 2
0.85 4
0.912 3
0.975 2
1.037 1
1.1 2
1.1 3
1.162 1
1.162 4
1.225 3
1.225 2
1.287 4
1.35 2
1.412 3
1.475 1
1.475 2
1.537 4
1.537 3
1.6 2
1.6 1
1.662 3
1.725 4
1.787 1
1.85 2
1.912 3
1.975 1
1.975 4
1.975 2
2.225 4
2.225 2
2.225 1
2.35 3
2.475 4
2.475 2
2.6 1
2.725 2
2.725 3
2.85 1
2.975 4
2.975 3
3.1 2
3.162 3
3.225 1
3.225 4
3.35 2
3.475 3
3.475 4
3.537 2
3.6 1
3.6 4
3.662 3
3.725 2
3.725 4
3.787 1
3.85 3
3.85 2
3.912 4
3.975 1
3.975 2
4.037 3
4.1 4
4.1 1
4.162 3
4.225 2
4.225 4
4.225 1
4.35 3
4.475 2
4.475 1
4.6 3
4.725 2
4.725 4
4.85 3
4.975 1
4.975 4
5.1 2
5.225 1
5.225 3
5.287 2
5.35 4
5.35 3
5.412 2
5.475 4
5.475 1
5.537 2
5.6 3
5.6 1
5.662 4
5.725 1
5.725 2
5.787 3
5.85 2
5.85 4
5.912 1
5.975 3
5.975 4
6.037 2
6.1 1
6.1 4
6.162 3
6.225 2
6.225 4
6.225 1
6.35 3
6.35 1
6.475 2
6.537 3
6.6 1
6.6 4
6.725 3
6.85 2
6.85 4
6.975 3
7.037 4
7.1 2
7.1 1
7.225 4
7.35 2
7.35 3
7.475 1
7.537 3
7.6 2
7.6 4
7.725 3
7.85 2
7.85 1
7.975 3
8.037 1
8.1 2
8.1 4
8.225 3
8.225 1
8.225 4
8.35 3
8.35 2
8.475 3
8.475 4
8.6 1
8.6 2
8.6 4
8.725 3
8.725 2
8.85 1
8.85 4
8.975 3
8.975 2
8.975 4
9.1 1
9.1 2
9.225 4
9.225 3
9.225 1
9.475 2
9.475 1
9.537 3
9.537 4
9.6 2
9.6 1
9.662 3
9.662 4
9.725 2
9.725 1
9.975 3
9.975 2
10.037 4
10.037 1
10.1 3
10.1 2
10.162 1
10.162 4
10.225 3
10.35 2
10.35 1
10.475 4
10.537 2
10.6 3
10.6 1
10.725 2
10.85 3
10.85 4
10.975 1
11.037 3
11.1 2
11.1 4
11.225 3
11.35 2
11.35 1
11.475 3
11.537 1
11.6 4
11.6 2
11.725 3
11.85 1
11.85 4
11.975 3
12.037 4
12.1 2
12.1 1
12.225 4
12.35 3
12.35 2
12.475 1
12.537 3
12.6 2
12.6 4
12.725 3
12.85 2
12.85 1
12.975 3
13.037 1
13.1 4
13.1 2
13.225 2
13.225 4
13.287 3
13.35 2
13.35 1
13.412 3
13.475 4
13.475 2
13.537 1
13.6 2
13.6 3
13.662 4
13.725 1
13.725 2
13.787 3
13.85 2
13.85 4
13.912 3
13.975 1
13.975 4
14.037 2
14.1 4
14.1 3
14.162 2
14.225 1
14.225 3
14.35 3
14.35 4
14.475 2
14.537 4
14.6 3
14.6 1
14.725 2
14.85 1
14.85 4
14.975 3
15.037 1
15.1 4
15.1 2
15.225 1
15.35 2
15.35 3
15.475 1
15.537 4
15.6 3
15.6 2
15.725 4
15.85 3
15.85 1
15.975 2
16.037 1
16.1 3
16.1 4
16.225 2
16.225 1
16.225 4
16.35 3
16.35 2
16.475 3
16.475 4
16.475 1
16.6 2
16.6 4
16.725 1
16.725 2
16.725 3
16.85 4
16.85 1
16.975 2
16.975 3
16.975 4
17.1 1
17.1 2
17.225 1
17.225 3
17.225 4
17.475 1
17.475 2
17.537 3
17.537 4
17.6 2
17.6 1
17.662 3
17.662 4
17.725 1
17.725 2
17.975 4
17.975 3
18.037 2
18.037 1
18.1 4
18.1 3
18.162 2
18.162 1
18.225 4
18.35 1
18.35 3
18.475 4
18.537 1
18.6 3
18.6 2
18.725 1
18.85 2
18.85 4
18.975 3
19.037 4
19.1 2
19.1 1
19.225 3
19.35 4
19.35 1
19.475 2
19.537 1
19.6 3
19.6 4
19.725 1
19.85 2
19.85 4
19.975 3
20.037 4
20.1 2
20.1 1
20.225 4
20.35 3
20.35 1
20.475 2
20.537 1
20.6 3
20.6 4
20.725 1
20.85 2
20.85 4
20.975 1
21.037 4
21.1 3
21.1 2
21.225 4
21.225 2
21.287 3
21.35 1
21.35 4
21.412 2
21.475 3
21.475 4
21.537 2
21.6 4
21.6 1
21.662 3
21.725 2
21.725 1
21.787 3
21.85 4
21.85 2
21.912 1
21.975 2
21.975 3
22.037 4
22.1 1
22.1 3
22.162 2
22.225 3
22.225 4
22.35 1
22.35 3
22.475 4
22.537 1
22.6 3
22.6 2
22.725 1
22.85 2
22.85 4
22.975 3
23.037 2
23.1 4
23.1 1
23.225 2
23.35 3
23.35 4
23.475 1
23.537 3
23.6 2
23.6 4
23.725 3
23.85 2
23.85 1
23.975 3
24.037 2
24.1 4
24.1 1
24.225 1
24.225 2
24.225 4
24.35 2
24.35 3
24.475 2
24.475 1
24.6 3
24.6 4
24.6 1
24.725 3
24.725 2
24.85 3
24.85 4
24.975 4
24.975 2
24.975 1
25.1 3
25.1 2
25.225 1
25.225 3
25.225 4
25.475 2
25.475 3
25.537 4
25.537 1
25.6 2
25.6 3
25.662 4
25.662 1
25.725 2
25.725 3
25.975 3
25.975 4
26.037 1
26.037 2
26.1 3
26.1 4
26.162 2
26.162 1
26.225 3
26.35 2
26.35 4
26.475 1
26.537 2
26.6 3
26.6 4
26.725 2
26.85 3
26.85 1
26.975 4
27.037 3
27.1 1
27.1 2
27.225 3
27.225 4
27.35 4
27.35 3
27.475 2
27.475 3
27.6 2
27.6 3
27.725 2
27.725 1
27.85 2
27.85 1
27.975 2
27.975 3
28.1 2
28.1 3
28.225 1
28.35 4
28.35 3
28.475 2
28.537 1
28.6 3
28.6 4
28.725 2
28.85 1
28.85 4
28.975 2
29.037 4
29.1 3
29.1 1
29.225 4
29.225 2
29.35 2
29.35 4
29.475 3
29.475 2
29.6 2
29.6 3
29.725 3
29.725 1
29.85 1
29.85 3
29.975 2
29.975 3
30.1 2
30.1 3
30.225 1
30.35 3
30.35 4
30.475 2
30.537 4
30.6 1
30.6 3
30.725 4
30.85 3
30.85 2
30.975 1
31.037 3
31.1 2
31.1 4
31.225 1
31.225 4
31.35 1
31.35 4
31.475 3
31.475 4
31.6 3
31.6 4
31.725 3
31.725 2
31.85 2
31.85 3
31.975 2
31.975 1
32.225 4
32.225 3
32.287 2
32.287 1
32.35 3
32.35 4
32.412 1
32.475 2
32.537 3
32.6 1
32.6 4
32.662 2
32.662 3
32.725 1
32.725 4
32.787 2
32.85 3
32.912 4
32.975 2
32.975 1
33.037 3
33.037 4
33.1 2
33.1 1
33.162 3
33.225 2
33.287 1
33.35 3
33.35 2
33.412 1
33.412 4
33.475 3
33.475 2
33.537 4
33.6 2
33.662 3
33.725 2
33.725 1
33.725 4
33.787 3
33.85 4
33.912 1
33.975 3
33.975 2
33.975 4
34.037 1
34.1 4
34.162 3
34.225 1
34.225 4
34.35 2
34.35 4
34.35 3
34.475 1
34.475 2
34.537 3
34.6 1
34.6 2
34.6 4
34.725 2
34.725 3
34.85 4
34.85 3
34.85 1
34.975 2
34.975 4
35.037 3
35.1 1
35.1 2
35.1 4
35.225 4
35.225 3
35.225 2
35.35 2
35.35 3
35.35 4
35.475 3
35.475 4
35.475 1
35.6 1
35.6 3
35.6 4
35.725 3
35.725 2
35.725 1
35.85 1
35.85 2
35.85 3
35.975 1
35.975 3
35.975 4
36.1 4
36.1 3
36.1 1
36.225 2
36.225 1
36.35 2
36.35 3
36.35 4
36.475 1
36.475 4
36.537 2
36.6 1
36.6 3
36.6 4
36.725 4
36.725 2
36.85 4
36.85 1
36.85 3
36.975 3
36.975 4
37.037 2
37.1 1
37.1 4
37.1 3
37.225 1
37.225 4
37.225 3
37.35 1
37.35 4
37.35 3
37.475 2
37.475 1
37.475 4
37.6 1
37.6 2
37.6 4
37.725 3
37.725 2
37.725 1
37.85 1
37.85 2
37.85 3
37.975 1
37.975 2
37.975 4
38.1 4
38.1 2
38.1 1
38.225 1
38.225 2
38.35 3
38.35 4
38.35 2
38.475 2
38.475 3
38.537 4
38.6 2
38.6 1
38.6 3
38.725 3
38.725 1
38.85 2
38.85 3
38.85 4
38.975 2
38.975 4
39.037 3
39.1 1
39.1 2
39.1 4
39.225 4
39.225 3
39.225 2
39.35 2
39.35 3
39.35 4
39.475 4
39.475 3
39.475 1
39.6 1
39.6 3
39.6 4
39.725 4
39.725 2
39.725 1
39.787 3
39.85 1
39.85 2
39.85 4
39.912 3
39.975 2
39.975 1
39.975 4
40.225 4
40.225 2
40.35 2
40.35 3
40.475 4
40.475 3
40.6 1
40.6 4
40.6 2
40.725 2
40.725 3
40.85 1
40.85 3
40.975 3
40.975 2
40.975 1
41.1 2
41.1 4
41.225 1
41.225 4
41.35 4
41.35 2
41.35 1
41.475 3
41.475 1
41.6 3
41.6 2
41.725 2
41.725 1
41.725 3
41.85 4
41.85 1
41.975 3
41.975 1
42.225 1
42.225 3
42.287 2
42.35 3
42.412 2
42.475 3
42.475 1
42.537 4
42.6 3
42.662 2
42.725 1
42.725 4
42.787 2
42.85 4
42.912 3
42.975 1
42.975 2
43.037 3
43.037 4
43.1 1
43.1 2
43.162 3
43.162 4
43.225 1
43.225 2
43.287 3
43.35 4
43.412 2
43.475 1
43.475 3
43.537 2
43.6 4
43.662 3
43.725 2
43.725 4
43.787 1
43.85 2
43.912 3
43.975 4
43.975 1
43.975 2
44.225 4
44.225 1
44.35 3
44.35 2
44.475 4
44.475 1
44.6 2
44.6 3
44.725 3
44.725 4
44.725 1
44.85 1
44.85 2
44.975 4
44.975 3
45.1 3
45.1 1
45.225 1
45.225 2
45.35 2
45.35 4
45.475 3
45.475 1
45.6 4
45.6 2
45.725 2
45.725 3
45.725 1
45.85 1
45.85 4
45.975 3
45.975 2
46.1 4
46.1 1
46.225 2
46.225 3
46.35 1
46.35 4
46.475 3
46.475 2
46.6 4
46.6 1
46.725 2
46.725 3
46.725 1
46.85 3
46.85 4
46.975 1
46.975 2
47.1 2
47.1 3
47.225 4
47.225 1
47.35 3
47.35 2
47.475 1
47.475 4
47.6 2
47.6 3
47.725 3
47.725 4
47.725 1
47.85 2
47.85 1
47.975 4
47.975 3
48.1 3
48.1 2
48.225 1
48.225 4
48.287 3
48.35 2
48.412 3
48.475 1
48.475 4
48.537 2
48.6 3
48.662 2
48.725 4
48.725 1
48.787 3
48.85 2
48.912 3
48.975 1
48.975 4
49.037 2
49.1 3
49.162 2
49.225 1
49.225 3
49.225 4
50.225 1
50.225 2
50.225 3
50.225 4
50.475 3
50.475 4
50.475 2
50.725 2
50.725 1
50.725 4
50.85 3
50.975 2
50.975 1
50.975 4
51.1 3
51.225 4
51.225 2
51.225 1
51.475 3
51.475 1
51.475 2
51.725 1
51.725 4
51.725 2
51.85 4
51.975 3
51.975 2
51.975 1
52.1 1
52.225 2
52.225 3
52.225 4
52.475 4
52.475 3
52.475 1
52.725 3
52.725 1
52.725 2
52.85 4
52.975 3
52.975 1
52.975 2
53.1 4
53.225 2
53.225 1
53.225 3
53.475 4
53.475 3
53.475 1
53.725 3
53.725 1
53.725 2
53.85 4
53.975 3
53.975 1
53.975 2
54.1 1
54.1 2
54.162 3
54.162 4
54.225 1
54.225 2
54.475 3
54.475 2
54.475 4
54.725 2
54.725 4
54.725 1
54.85 3
54.975 2
54.975 1
54.975 4
55.1 3
55.225 4
55.225 1
55.225 2
55.475 3
55.475 2
55.475 1
55.725 2
55.725 1
55.725 4
55.85 4
55.975 3
55.975 1
55.975 2
56.1 1
56.225 3
56.225 4
56.287 2
56.35 3
56.35 1
56.412 2
56.475 3
56.475 4
56.537 1
56.6 2
56.6 4
56.662 3
56.725 4
56.725 1
56.787 2
56.85 3
56.85 1
56.912 4
56.975 3
56.975 2
57.037 1
57.037 4
57.1 3
57.1 2
57.162 4
57.162 1
57.225 3
57.225 2
57.287 1
57.35 3
57.35 4
57.412 2
57.475 4
57.475 3
57.537 2
57.537 1
57.6 3
57.6 4
57.662 1
57.662 2
57.725 3
57.725 4
57.787 2
57.85 1
57.85 4
57.912 2
57.975 4
57.975 3
58.1 3
58.1 4
58.225 3
58.225 4
58.225 1
58.287 2
58.35 1
58.412 3
58.475 4
58.475 2
58.475 1
58.537 3
58.6 2
58.662 4
58.725 1
58.725 2
58.725 3
58.787 4
58.85 3
58.912 1
58.975 3
58.975 2
58.975 4
59.037 1
59.1 3
59.162 4
59.225 2
59.225 3
59.225 1
59.287 4
59.35 3
59.412 1
59.475 2
59.475 4
59.475 3
59.537 1
59.6 2
59.662 4
59.725 2
59.725 3
59.725 1
59.787 4
59.85 3
59.912 2
59.975 1
59.975 3
59.975 4
60.037 2
60.1 1
60.162 3
60.225 2
60.225 4
60.225 1
60.287 3
60.35 4
60.412 2
60.475 1
60.475 3
60.475 4
60.537 2
60.6 3
60.662 4
60.725 2
60.725 1
60.725 3
60.787 4
60.85 1
60.912 2
60.975 3
60.975 1
60.975 4
61.037 2
61.1 4
61.162 3
61.225 1
61.225 4
61.225 2
61.287 3
61.35 2
61.412 1
61.475 4
61.475 3
61.475 2
61.537 1
61.6 3
61.662 4
61.725 3
61.725 2
61.725 1
61.787 4
61.85 3
61.912 1
61.975 2
61.975 3
61.975 4
62.037 1
62.1 4
62.162 3
62.225 2
62.225 1
62.225 4
62.287 3
62.35 2
62.412 1
62.475 4
62.475 2
62.475 3
62.537 1
62.6 3
62.662 4
62.725 3
62.725 1
62.725 2
62.787 4
62.85 3
62.912 2
62.975 4
62.975 1
62.975 3
63.037 2
63.1 1
63.162 4
63.225 3
63.225 2
63.225 1
63.287 4
63.35 3
63.412 1
63.475 2
63.475 3
63.475 4
63.537 1
63.6 3
63.662 4
63.725 2
63.725 3
63.725 1
63.787 4
63.85 3
63.912 2
63.975 1
63.975 3
63.975 4
64.037 2
64.1 3
64.162 4
64.225 1
64.225 2
64.287 3
64.35 4
64.35 1
64.412 2
64.412 3
64.475 4
64.475 1
64.537 2
64.6 3
64.6 4
64.662 2
64.725 1
64.725 4
64.787 3
64.85 2
64.85 4
64.912 1
64.975 2
64.975 3
65.037 4
65.1 3
65.1 1
65.162 2
65.225 1
65.225 4
65.725 1
66.225 2
66.225 3
66.35 1
66.35 4
66.475 2
66.537 4
66.6 3
66.6 1
66.725 2
66.725 1
66.85 3
66.85 4
66.975 1
67.037 3
67.1 2
67.1 4
67.225 3
67.225 2
67.35 1
67.35 4
67.475 2
67.537 3
67.6 1
67.6 4
67.725 1
67.725 3
67.85 2
67.85 4
67.975 1
68.037 2
68.1 3
68.1 4
68.225 2
68.225 4
68.35 3
68.35 2
68.475 1
68.537 4
68.6 2
68.6 3
68.725 2
68.725 1
68.85 3
68.85 4
68.975 1
69.037 2
69.1 1
69.1 3
69.225 4
69.225 2
69.287 3
69.35 2
69.35 1
69.412 3
69.475 1
69.475 4
69.537 2
69.6 3
69.6 1
69.662 4
69.725 2
69.725 1
69.787 3
69.85 2
69.85 4
69.912 1
69.975 4
69.975 3
70.037 2
70.1 1
70.1 4
70.162 3
70.225 4
70.225 1
70.225 2
70.35 3
70.35 4
70.475 1
70.537 2
70.6 3
70.6 4
70.725 3
70.725 2
70.85 2
70.85 4
70.975 3
71.037 1
71.1 2
71.1 4
71.225 2
71.225 1
71.35 2
71.35 3
71.475 2
71.537 4
71.6 3
71.6 1
71.725 2
71.725 3
71.85 1
71.85 4
71.975 1
72.037 3
72.1 2
72.1 4
72.225 4
72.225 2
72.225 1
72.287 3
72.35 1
72.412 2
72.475 3
72.475 4
72.475 1
72.537 2
72.6 4
72.662 3
72.725 2
72.725 1
72.725 4
72.787 3
72.85 4
72.912 1
72.975 2
72.975 3
72.975 4
73.037 1
73.1 2
73.162 3
73.225 1
73.225 2
73.225 4
73.475 3
73.475 4
73.537 1
73.537 2
73.6 3
73.6 4
73.662 2
73.662 1
73.725 4
73.787 3
73.85 1
73.912 2
73.975 1
73.975 4
74.037 2
74.037 3
74.1 1
74.1 4
74.162 3
74.162 2
74.225 1
74.225 4
74.225 2
75.225 4
75.225 3
75.225 2
75.35 1
75.35 4
75.475 1
75.475 3
75.475 2
75.6 3
75.6 4
75.725 2
75.725 1
75.725 4
75.85 3
75.85 2
75.975 3
75.975 1
75.975 4
76.1 2
76.1 3
76.225 4
76.225 1
76.35 2
76.35 3
76.475 1
76.475 2
76.537 3
76.537 4
76.6 2
76.6 1
76.725 3
76.725 1
76.85 2
76.85 4
76.975 1
76.975 4
77.037 2
77.037 3
77.1 4
77.1 1
77.225 3
77.225 1
77.287 2
77.35 3
77.35 4
77.412 2
77.475 1
77.475 4
77.537 3
77.6 2
77.6 1
77.662 3
77.725 2
77.725 4
77.787 1
77.85 2
77.85 3
77.912 4
77.975 2
77.975 1
78.037 3
78.1 4
78.1 2
78.162 1
78.225 3
78.225 4
78.225 2
78.35 4
78.35 1
78.475 3
78.475 2
78.537 4
78.537 1
78.6 2
78.6 3
78.725 4
78.725 3
78.85 1
78.85 4
78.975 3
78.975 4
79.037 2
79.037 1
79.1 3
79.1 4
79.225 2
79.225 4
79.35 2
79.35 3
79.475 4
79.475 1
79.537 3
79.537 2
79.6 4
79.6 1
79.725 1
79.725 2
79.85 4
79.85 2
79.975 2
79.975 1
80.037 4
80.037 3
80.1 2
80.1 1
80.225 4
80.225 1
80.225 2
80.35 3
80.35 4
80.475 3
80.475 4
80.6 3
80.6 1
80.6 2
80.725 1
80.725 4
80.85 1
80.85 4
80.975 4
80.975 3
80.975 2
81.1 1
81.1 2
81.225 1
81.225 3
81.225 4
81.475 2
81.475 1
81.537 3
81.537 4
81.6 2
81.6 1
81.662 3
81.662 4
81.725 2
81.725 1
81.975 4
81.975 1
82.037 2
82.037 3
82.1 4
82.1 1
82.162 2
82.162 3
82.225 1
82.35 2
82.35 4
82.475 1
82.537 2
82.6 4
82.6 3
82.725 2
82.85 1
82.85 3
82.975 2
83.037 3
83.1 4
83.1 1
83.225 4
83.225 3
83.35 3
83.35 4
83.475 3
83.475 2
83.6 3
83.6 2
83.725 2
83.725 1
83.85 1
83.85 2
83.975 2
83.975 3
84.1 2
84.1 3
84.225 1
84.35 2
84.35 4
84.475 3
84.537 2
84.6 4
84.6 1
84.725 2
84.85 3
84.85 1
84.975 2
85.037 1
85.1 3
85.1 4
85.225 4
85.225 2
85.35 4
85.35 2
85.475 3
85.475 2
85.6 2
85.6 3
85.725 3
85.725 1
85.85 1
85.85 3
85.975 2
85.975 3
86.1 2
86.1 3
86.225 1
86.35 4
86.35 2
86.475 3
86.537 2
86.6 1
86.6 4
86.725 2
86.85 3
86.85 4
86.975 1
87.037 4
87.1 2
87.1 3
87.225 1
87.225 4
87.35 1
87.35 4
87.475 4
87.475 3
87.6 3
87.6 4
87.725 3
87.725 2
87.85 2
87.85 3
87.975 1
87.975 2
88.225 3
88.225 4
88.287 2
88.287 1
88.35 3
88.35 4
88.412 2
88.475 3
88.537 4
88.6 2
88.6 1
88.662 3
88.662 4
88.725 2
88.725 1
88.787 3
88.85 2
88.912 1
88.975 3
88.975 2
89.037 1
89.037 4
89.1 2
89.1 3
89.162 4
89.225 3
89.287 2
89.35 4
89.35 1
89.412 2
89.412 3
89.475 1
89.475 4
89.537 3
89.6 1
89.662 2
89.725 3
89.725 4
89.787 2
89.85 4
89.912 3
89.975 1
89.975 2
90.037 3
90.1 2
90.162 1
90.225 4
90.225 3
90.35 4
90.35 1
90.35 2
90.475 3
90.475 1
90.537 2
90.6 4
90.6 1
90.6 3
90.725 3
90.725 2
90.85 4
90.85 2
90.85 1
90.975 3
90.975 4
91.037 2
91.1 1
91.1 4
91.1 3
91.225 4
91.225 3
91.225 2
91.35 2
91.35 3
91.35 4
91.475 4
91.475 2
91.475 1
91.6 1
91.6 2
91.6 4
91.725 3
91.725 2
91.725 1
91.85 1
91.85 2
91.85 3
91.975 1
91.975 2
91.975 4
92.1 4
92.1 2
92.1 1
92.225 3
92.225 2
92.35 3
92.35 1
92.35 4
92.475 2
92.475 4
92.537 1
92.6 2
92.6 3
92.6 4
92.725 4
92.725 1
92.85 4
92.85 3
92.85 2
92.975 1
92.975 3
93.037 2
93.1 4
93.1 1
93.1 3
93.225 3
93.225 1
93.225 4
93.35 4
93.35 3
93.35 1
93.475 1
93.475 2
93.475 4
93.6 1
93.6 2
93.6 4
93.725 3
93.725 2
93.725 1
93.85 1
93.85 2
93.85 3
93.975 2
93.975 1
93.975 4
94.1 4
94.1 2
94.1 1
94.225 3
94.225 2
94.35 3
94.35 4
94.35 1
94.475 2
94.475 1
94.537 3
94.6 2
94.6 4
94.6 1
94.725 3
94.725 4
94.85 1
94.85 3
94.85 2
94.975 3
94.975 4
95.037 2
95.1 4
95.1 1
95.1 3
95.225 2
95.225 3
95.225 4
95.35 4
95.35 3
95.35 2
95.475 4
95.475 3
95.475 1
95.6 1
95.6 3
95.6 4
95.725 2
95.725 1
95.725 4
95.85 2
95.85 1
95.85 4
95.975 3
95.975 2
95.975 1
96.225 2
96.225 4
96.35 2
96.35 3
96.475 2
96.475 1
96.6 4
96.6 1
96.6 3
96.725 2
96.725 1
96.85 2
96.85 3
96.975 3
96.975 1
96.975 4
97.1 2
97.1 4
97.225 1
97.225 2
97.35 4
97.35 3
97.35 1
97.475 2
97.475 3
97.6 2
97.6 1
97.725 2
97.725 3
97.725 4
97.85 3
97.85 1
97.975 3
97.975 4
98.225 1
98.225 3
98.225 4
98.287 2
98.35 4
98.412 3
98.475 2
98.475 4
98.475 1
98.537 3
98.6 2
98.662 1
98.725 4
98.725 3
98.725 2
98.787 1
98.85 3
98.912 2
98.975 3
98.975 4
98.975 1
99.037 2
99.1 3
99.162 4
99.225 1
99.225 2
99.225 3
99.287 4
99.35 2
99.412 1
99.475 3
99.475 4
99.475 2
99.537 1
99.6 2
99.662 3
99.725 1
99.725 4
99.725 2
99.787 3
99.85 2
99.912 1
99.975 4
99.975 2
100.037 3
100.1 2
100.162 1
100.225 4
100.225 2
100.35 2
100.35 3
100.475 1
100.475 4
100.6 3
100.6 2
100.725 4
100.725 2
100.725 1
100.85 3
100.85 1
100.975 2
100.975 4
101.1 4
101.1 3
101.225 1
101.225 2
101.35 2
101.35 4
101.475 3
101.475 1
101.6 4
101.6 2
101.725 2
101.725 3
101.725 1
101.85 3
101.85 4
101.975 1
101.975 2
102.1 4
102.1 3
102.225 2
102.225 1
102.35 1
102.35 4
102.475 3
102.475 2
102.6 4
102.6 1
102.725 2
102.725 3
102.725 1
102.85 3
102.85 4
102.975 1
102.975 2
103.1 2
103.1 4
103.225 4
103.225 3
103.35 1
103.35 2
103.475 2
103.475 4
103.6 4
103.6 1
103.725 3
103.725 2
103.85 4
103.85 2
103.975 1
103.975 4
103.975 3
104.1 3
104.1 2
104.225 2
104.225 1
104.225 4
104.287 3
104.35 1
104.412 2
104.475 3
104.475 4
104.475 1
104.537 2
104.6 3
104.662 1
104.725 2
104.725 4
104.725 3
104.787 1
104.85 4
104.912 3
104.975 2
104.975 4
104.975 1
105.037 3
105.1 1
105.162 4
105.225 3
105.225 1
105.225 2
105.287 4
105.35 3
105.412 2
105.475 1
105.475 4
105.537 2
105.537 3
105.6 1
105.6 4
105.662 3
105.662 2
105.725 4
105.725 1
105.787 3
105.85 2
105.912 1
105.975 4
105.975 3
105.975 2
106.225 1
106.225 2
106.225 3
106.35 4
106.475 3
106.475 2
106.6 1
106.725 2
106.725 4
106.85 3
106.85 1
106.975 2
106.975 4
107.1 3
107.1 1
107.225 4
107.225 2
107.35 3
107.475 3
107.475 2
107.6 4
107.725 1
107.725 2
107.85 4
107.85 3
107.975 3
107.975 2
108.1 1
108.1 4
108.225 2
108.225 3
108.35 1
108.475 4
108.475 3
108.6 1
108.725 2
108.725 3
108.85 4
108.85 1
108.975 3
108.975 2
109.1 4
109.1 1
109.225 2
109.225 3
109.35 1
109.475 4
109.475 3
109.6 2
109.725 3
109.725 1
109.85 4
109.85 2
109.975 3
109.975 1
110.1 2
110.1 1
110.162 3
110.162 4
110.225 1
110.225 2
110.35 4
110.475 3
110.475 2
110.6 1
110.725 2
110.725 4
110.85 3
110.85 1
110.975 2
110.975 4
111.1 3
111.1 1
111.225 4
111.225 2
111.35 3
111.475 3
111.475 2
111.6 1
111.725 2
111.725 4
111.85 4
111.85 3
111.975 3
111.975 2
112.1 1
112.1 4
112.225 2
112.225 4
112.287 3
112.35 4
112.35 1
112.412 2
112.475 1
112.475 3
112.537 4
112.6 3
112.6 2
112.662 1
112.725 3
112.725 4
112.787 2
112.85 3
112.85 1
112.912 4
112.975 2
112.975 1
113.037 3
113.037 4
113.1 2
113.1 1
113.162 3
113.162 4
113.225 1
113.225 2
113.287 3
113.35 2
113.35 1
113.412 4
113.475 2
113.475 3
113.537 1
113.537 4
113.6 3
113.6 2
113.662 4
113.662 1
113.725 2
113.725 3
113.787 4
113.85 3
113.85 1
113.912 2
113.975 3
113.975 4
114.1 3
114.1 4
114.225 1
114.225 3
114.225 4
114.287 2
114.35 3
114.412 4
114.475 3
114.475 2
114.475 1
114.537 4
114.6 1
114.662 2
114.725 1
114.725 3
114.725 4
114.787 2
114.85 4
114.912 3
114.975 1
114.975 2
114.975 4
115.037 3
115.1 4
115.162 2
115.225 1
115.225 3
115.225 4
115.287 2
115.35 3
115.412 4
115.475 2
115.475 1
115.475 3
115.537 4
115.6 1
115.662 2
115.725 1
115.725 3
115.725 4
115.787 2
115.85 3
115.912 1
115.975 2
115.975 4
115.975 3
116.037 1
116.1 3
116.162 2
116.225 1
116.225 3
116.225 4
116.287 2
116.35 4
116.412 3
116.475 2
116.475 1
116.475 4
116.537 3
116.6 2
116.662 1
116.725 3
116.725 2
116.725 4
116.787 1
116.85 3
116.912 4
116.975 2
116.975 1
116.975 3
117.037 4
117.1 3
117.162 1
117.225 2
117.225 3
117.225 4
117.287 1
117.35 4
117.412 3
117.475 2
117.475 1
117.475 4
117.537 3
117.6 2
117.662 1
117.725 2
117.725 4
117.725 3
117.787 1
117.85 3
117.912 2
117.975 4
117.975 1
117.975 3
118.037 2
118.1 4
118.162 3
118.225 4
118.225 2
118.225 1
118.287 3
118.35 1
118.412 2
118.475 4
118.475 3
118.475 1
118.537 2
118.6 3
118.662 4
118.725 1
118.725 2
118.725 3
118.787 4
118.85 2
118.912 3
118.975 1
118.975 4
118.975 2
119.037 3
119.1 2
119.162 1
119.225 2
119.225 3
119.225 4
119.287 1
119.35 4
119.412 3
119.475 2
119.475 1
119.475 4
119.537 3
119.6 4
119.662 2
119.725 4
119.725 3
119.725 1
119.787 2
119.85 3
119.912 4
119.975 1
119.975 2
119.975 3
120.037 4
120.1 3
120.162 2
120.225 3
120.225 4
120.308 2
120.308 1
120.391 3
120.391 4
120.475 2
120.475 3
120.558 4
120.558 1
120.641 2
120.641 3
120.725 1
120.725 3
120.808 2
120.808 4
120.891 3
120.891 1
120.975 1
120.975 2
121.058 3
121.058 4
121.141 2
121.141 1
121.225 4
121.225 3
121.725 1
122.225 3
122.287 2
122.35 3
122.475 1
122.475 4
122.6 3
122.6 2
122.662 1
122.662 4
122.725 3
122.725 2
122.787 1
122.85 2
122.912 3
122.975 2
122.975 1
123.037 3
123.037 4
123.1 1
123.1 2
123.162 4
123.225 3
123.287 2
123.35 4
123.35 3
123.412 2
123.412 1
123.475 3
123.475 4
123.537 2
123.6 1
123.662 3
123.725 1
123.725 4
123.787 2
123.787 3
123.85 4
123.85 1
123.912 3
123.912 2
123.975 4
123.975 2
123.975 1
124.225 4
124.225 2
124.225 1
124.35 3
124.475 2
124.6 1
124.725 2
124.725 3
124.725 4
124.85 1
124.975 2
125.1 3
125.225 2
125.225 1
125.225 4
125.35 3
125.475 1
125.6 2
125.725 4
125.725 1
125.725 3
125.85 2
125.975 1
125.975 2
126.037 3
126.037 4
126.1 1
126.1 2
126.162 3
126.162 4
126.225 1
126.225 2
126.225 3
126.35 2
126.475 1
126.6 3
126.725 4
126.725 2
126.725 1
126.85 3
126.975 1
126.975 4
127.037 2
127.037 3
127.1 4
127.1 1
127.162 3
127.162 2
127.225 4
127.225 3
127.225 1
127.35 3
127.475 2
127.6 3
127.725 4
127.725 3
127.808 2
127.808 1
127.891 3
127.891 4
127.975 2
127.975 3
128.058 1
128.058 4
128.141 3
128.141 2
128.225 4
128.225 1
128.225 2
128.35 4
128.475 2
128.6 3
128.725 1
128.725 2
128.725 4
128.85 3
128.975 1
128.975 2
129.037 3
129.037 4
129.1 2
129.1 1
129.162 3
129.162 4
129.225 1
129.225 2
129.225 3
129.35 4
129.475 1
129.6 2
129.725 1
129.725 3
129.725 4
129.85 2
129.975 1
130.1 3
130.225 4
130.225 1
130.287 3
130.35 2
130.412 1
130.475 3
130.475 4
130.537 2
130.537 1
130.6 3
130.6 4
130.662 2
130.662 1
130.725 3
130.725 4
130.787 2
130.85 1
130.912 3
130.975 2
130.975 4
131.037 1
131.1 3
131.162 2
131.225 1
131.225 4
131.287 2
131.35 3
131.412 4
131.475 2
131.475 1
131.537 3
131.537 4
131.6 1
131.6 2
131.662 4
131.662 3
131.725 2
131.725 1
131.787 4
131.85 3
131.912 2
131.975 4
131.975 1
132.037 2
132.1 3
132.162 4
132.225 2
132.225 3
132.225 1
132.475 1
132.725 1
132.975 1
133.225 2
133.225 3
133.225 4
133.475 1
133.725 1
133.975 4
133.975 1
134.037 2
134.037 3
134.1 1
134.1 4
134.162 2
134.162 3
134.225 1
134.475 3
134.725 3
134.975 3
135.225 4
135.225 3
135.225 2
135.225 1
135.475 3
135.475 4
135.558 2
135.558 1
135.641 3
135.641 4
135.725 1
135.725 4
135.808 3
135.808 2
135.891 1
135.891 4
135.975 1
135.975 2
136.058 3
136.058 4
136.141 2
136.141 1
136.225 4
136.225 1
136.225 3
136.475 2
136.725 2
136.975 2
136.975 1
137.037 3
137.037 4
137.1 1
137.1 2
137.162 3
137.162 4
137.225 1
137.225 4
137.225 2
137.475 2
137.725 2
137.975 2
138.225 1
138.225 3
138.225 4
138.35 2
138.35 1
138.475 3
138.475 4
138.6 1
138.6 2
138.6 4
138.725 3
138.725 2
138.85 1
138.85 2
138.975 2
138.975 3
138.975 4
139.1 1
139.1 3
139.225 2
139.225 1
139.225 4
139.475 2
139.475 1
139.537 3
139.537 4
139.6 2
139.6 1
139.662 3
139.662 4
139.725 2
139.725 1
139.975 2
139.975 3
140.037 4
140.037 1
140.1 3
140.1 2
140.162 4
140.162 1
140.225 3
140.225 2
140.287 4
140.35 3
140.35 1
140.412 2
140.475 4
140.475 3
140.537 1
140.6 3
140.6 2
140.662 4
140.725 2
140.725 1
140.787 3
140.85 2
140.85 4
140.912 1
140.975 3
140.975 4
141.037 1
141.1 2
141.1 3
141.162 4
141.225 2
141.225 1
141.287 3
141.35 1
141.35 4
141.412 2
141.475 3
141.475 1
141.537 2
141.6 3
141.6 4
141.662 1
141.725 2
141.725 4
141.787 3
141.85 2
141.85 1
141.912 4
141.975 3
141.975 1
142.037 2
142.1 3
142.1 4
142.162 2
142.225 4
142.225 1
142.287 3
142.35 2
142.35 1
142.412 4
142.475 3
142.475 2
142.537 4
142.6 2
142.6 1
142.662 3
142.725 2
142.725 4
142.787 3
142.85 2
142.85 1
142.912 4
142.975 3
142.975 1
143.037 2
143.1 4
143.1 1
143.162 2
143.225 4
143.225 3
143.287 2
143.35 1
143.35 3
143.412 4
143.475 2
143.475 3
143.537 1
143.6 2
143.6 4
143.662 3
143.725 2
143.725 1
143.787 3
143.787 4
143.85 2
143.85 1
143.912 4
143.912 3
143.975 2
143.975 1
144.037 3
144.037 4
144.1 2
144.1 1
144.225 3
144.225 4
144.35 3
144.35 4
144.475 2
144.475 4
144.6 2
144.6 4
144.725 3
144.725 2
144.85 3
144.85 1
144.975 2
144.975 1
145.1 1
145.1 3
145.225 4
145.225 2
145.35 1
145.35 2
145.475 2
145.475 3
145.6 3
145.6 4
145.725 1
145.725 4
145.85 2
145.85 3
145.975 3
145.975 4
146.1 2
146.1 3
146.225 4
146.225 1
146.287 3
146.287 2
146.35 4
146.35 1
146.475 2
146.475 3
146.6 1
146.6 2
146.725 2
146.725 3
146.85 3
146.85 4
146.975 1
146.975 2
147.1 3
147.1 2
147.225 1
147.225 4
147.35 3
147.35 2
147.475 2
147.475 1
147.6 2
147.6 3
147.725 1
147.725 2
147.787 3
147.787 4
147.85 2
147.85 1
147.912 3
147.912 4
147.975 2
147.975 1
147.975 4
148.225 3
148.225 4
148.35 3
148.35 4
148.475 3
148.475 4
148.6 2
148.6 1
148.725 1
148.725 2
148.85 2
148.85 1
148.975 3
149.037 1
149.1 2
149.162 3
149.225 1
149.225 4
149.35 2
149.35 3
149.475 3
149.475 4
149.537 1
149.6 2
149.662 3
149.725 4
149.725 1
149.85 1
149.85 2
149.975 2
149.975 4
150.037 3
150.1 2
150.1 1
150.162 3
150.225 4
150.225 1
150.287 2
150.35 1
150.35 3
150.412 4
150.475 3
150.475 2
150.537 1
150.6 3
150.6 4
150.662 2
150.725 3
150.725 1
150.787 4
150.85 2
150.85 1
150.912 3
150.975 2
150.975 1
151.037 4
151.1 3
151.1 1
151.162 2
151.225 4
151.225 3
151.287 1
151.35 3
151.35 2
151.412 1
151.475 3
151.475 4
151.537 2
151.6 4
151.6 1
151.662 3
151.725 2
151.725 4
151.85 3
151.85 1
151.975 4
151.975 2
152.1 3
152.1 1
152.225 3
152.225 4
152.35 3
152.35 4
152.475 2
152.475 1
152.6 2
152.6 3
152.725 3
152.725 4
152.85 1
152.85 2
152.975 2
152.975 3
153.1 3
153.1 4
153.225 1
153.225 4
153.35 2
153.35 3
153.475 3
153.475 4
153.6 2
153.6 1
153.725 1
153.725 4
153.85 3
153.85 1
153.975 2
153.975 3
154.1 2
154.1 4
154.225 3
154.225 2
154.225 4
154.35 1
154.35 2
154.35 3
154.475 1
154.475 2
154.475 4
154.6 3
154.6 1
154.6 4
154.725 3
154.725 4
154.725 2
154.85 3
154.85 4
154.85 1
154.975 1
154.975 2
154.975 4
155.1 2
155.1 3
155.1 1
155.225 4
155.225 1
155.287 3
155.35 2
155.35 1
155.412 3
155.475 4
155.475 1
155.537 2
155.6 3
155.6 4
155.662 2
155.725 4
155.725 1
155.787 3
155.85 2
155.85 1
155.912 3
155.975 1
155.975 4
156.037 2
156.1 3
156.1 4
156.225 4
156.225 2
156.287 1
156.35 2
156.35 3
156.412 4
156.475 1
156.475 3
156.537 2
156.6 1
156.6 4
156.662 3
156.725 2
156.725 1
156.787 4
156.85 2
156.85 3
156.912 1
156.975 4
156.975 2
157.037 1
157.1 3
157.1 4
157.162 2
157.225 1
157.225 4
157.287 3
157.35 2
157.35 1
157.412 3
157.475 1
157.475 4
157.537 2
157.6 1
157.6 4
157.662 3
157.725 2
157.725 1
157.787 4
157.787 3
157.85 2
157.85 1
157.912 4
157.912 3
157.975 2
157.975 1
158.037 4
158.037 3
158.1 2
158.1 1
158.225 4
158.225 3
158.35 2
158.35 1
158.475 1
158.475 4
158.6 3
158.6 2
158.725 4
158.725 1
158.725 2
158.85 1
158.85 3
158.975 2
158.975 4
159.1 3
159.1 1
159.225 1
159.225 2
159.35 4
159.35 3
159.475 2
159.475 1
159.6 3
159.6 4
159.725 4
159.725 2
159.725 1
159.85 2
159.85 3
159.975 1
159.975 4
160.1 3
160.1 2
160.225 2
160.225 1
160.35 4
160.35 3
160.475 1
160.475 2
160.6 3
160.6 4
160.725 2
160.725 1
160.725 4
160.85 4
160.85 3
160.975 3
160.975 1
161.1 2
161.1 4
161.225 4
161.225 3
161.287 2
161.287 1
161.35 3
161.35 4
161.412 1
161.412 2
161.475 4
161.475 3
161.537 2
161.6 1
161.662 3
161.725 4
161.725 1
161.787 3
161.85 1
161.912 2
161.975 4
161.975 3
162.037 2
162.1 4
162.162 3
162.225 2
162.225 4
162.225 1
162.287 3
162.35 2
162.412 4
162.475 3
162.475 2
162.475 1
162.537 4
162.6 1
162.662 2
162.725 1
162.725 3
162.725 4
162.787 2
162.85 4
162.912 3
162.975 4
162.975 2
162.975 1
163.037 3
163.1 2
163.162 4
163.225 2
163.225 1
163.287 4
163.287 3
163.35 2
163.35 1
163.412 3
163.412 4
163.475 4
163.475 1
163.537 2
163.537 3
163.6 4
163.6 1
163.662 3
163.662 2
163.725 1
163.725 4
163.725 2
163.85 4
163.85 3
163.85 2
163.975 4
163.975 2
163.975 1
164.225 2
164.225 3
164.225 1
164.475 3
164.475 4
164.537 2
164.537 1
164.6 3
164.6 4
164.662 2
164.662 1
164.725 4
164.725 3
164.787 1
164.787 2
164.85 4
164.85 3
164.912 1
164.912 2
164.975 3
164.975 4
165.037 1
165.037 2
165.1 4
165.1 3
165.162 2
165.225 4
165.225 1
165.287 3
165.287 2
165.35 1
165.35 4
165.412 2
165.412 3
165.475 4
165.475 1
165.537 3
165.6 1
165.6 2
165.662 3
165.662 4
165.725 2
165.725 1
165.787 3
165.787 4
165.85 2
165.85 1
165.912 3
165.912 4
165.975 1
165.975 4
165.975 2
166.037 3
166.1 2
166.162 1
166.225 3
166.225 4
166.287 2
166.287 1
166.35 3
166.35 4
166.412 1
166.412 2
166.475 3
166.475 4
166.537 2
166.537 1
166.6 3
166.6 4
166.662 2
166.662 1
166.725 3
166.725 4
166.787 2
166.787 1
166.85 3
166.85 4
166.912 2
166.912 1
166.975 3
166.975 4
167.037 2
167.037 1
167.1 3
167.1 4
167.162 2
167.162 1
167.225 3
167.225 2
167.225 4
167.725 1
167.756 2
167.787 4
167.818 3
167.85 1
167.881 2
167.912 4
167.943 3
167.975 1
168.006 2
168.037 4
168.068 3
168.1 1
168.131 2
168.162 4
168.193 3
168.225 1
168.225 2
168.35 4
168.475 3
168.475 2
168.6 1
168.725 2
168.725 4
168.85 3
168.85 1
168.975 2
168.975 4
169.1 3
169.1 1
169.225 4
169.225 2
169.35 3
169.475 3
169.475 1
169.6 4
169.725 1
169.725 2
169.85 4
169.85 3
169.975 2
169.975 1
170.1 1
170.1 3
170.225 2
170.225 4
170.35 1
170.475 4
170.475 3
170.6 1
170.725 3
170.725 2
170.85 4
170.85 1
170.975 3
170.975 2
171.1 4
171.1 1
171.225 2
171.225 3
171.35 1
171.475 4
171.475 3
171.6 2
171.725 3
171.725 1
171.85 4
171.85 2
171.975 3
171.975 1
172.1 2
172.1 1
172.162 3
172.162 4
172.225 1
172.225 2
172.35 4
172.475 3
172.475 2
172.6 4
172.725 1
172.725 2
172.85 3
172.85 4
172.975 2
172.975 1
173.1 3
173.1 4
173.225 4
173.225 2
173.35 1
173.475 3
173.475 2
173.6 4
173.725 1
173.725 2
173.85 4
173.85 3
173.975 2
173.975 1
174.1 1
174.1 3
174.225 4
174.225 3
174.287 2
174.35 1
174.35 4
174.412 3
174.475 4
174.475 1
174.537 2
174.6 3
174.6 4
174.662 2
174.725 1
174.725 3
174.787 4
174.85 2
174.85 3
174.912 4
174.975 1
174.975 2
175.037 3
175.037 4
175.1 1
175.1 2
175.162 4
175.162 3
175.225 1
175.225 2
175.287 4
175.35 3
175.35 2
175.412 1
175.475 3
175.475 4
175.537 1
175.6 3
175.6 2
175.662 1
175.725 4
175.725 3
175.787 1
175.787 2
175.85 4
175.85 3
175.912 1
175.912 2
175.975 3
175.975 4
176.225 1
176.225 2
176.287 3
176.35 2
176.412 1
176.475 3
176.475 2
176.475 4
176.537 1
176.6 4
176.662 3
176.725 2
176.725 4
176.725 1
176.787 3
176.85 1
176.912 2
176.975 3
176.975 1
176.975 4
177.037 2
177.1 4
177.162 3
177.225 4
177.225 1
177.225 2
177.287 3
177.35 2
177.412 4
177.475 1
177.475 2
177.475 3
177.537 4
177.6 2
177.662 1
177.725 2
177.725 4
177.725 3
177.787 1
177.85 3
177.912 2
177.975 3
177.975 1
177.975 4
178.037 2
178.1 3
178.162 1
178.225 2
178.225 4
178.225 3
178.287 1
178.35 4
178.412 3
178.475 2
178.475 4
178.475 1
178.537 3
178.6 2
178.662 1
178.725 2
178.725 4
178.725 3
178.787 1
178.85 3
178.912 4
178.975 2
178.975 1
178.975 3
179.037 4
179.1 2
179.162 3
179.225 1
179.225 2
179.225 4
179.287 3
179.35 2
179.412 1
179.475 2
179.475 4
179.537 1
179.6 4
179.662 3
179.725 4
179.725 1
179.725 2
179.787 3
179.85 1
179.912 2
179.975 3
179.975 1
179.975 4
180.037 2
180.1 3
180.162 4
180.225 1
180.225 2
180.225 3
180.287 4
180.35 3
180.412 2
180.475 3
180.475 1
180.475 4
180.537 2
180.6 1
180.662 3
180.725 1
180.725 4
180.725 2
180.787 3
180.85 1
180.912 2
180.975 3
180.975 1
180.975 4
181.037 2
181.1 3
181.162 4
181.225 1
181.225 3
181.225 2
181.287 4
181.35 2
181.412 1
181.475 3
181.475 2
181.475 4
181.537 1
181.6 3
181.662 2
181.725 4
181.725 1
181.725 3
181.787 2
181.85 3
181.912 1
181.975 3
181.975 2
181.975 4
182.037 1
182.1 2
182.162 4
182.225 2
182.225 3
182.225 1
182.287 4
182.35 3
182.412 2
182.475 4
182.475 3
182.537 1
182.537 2
182.6 3
182.6 4
182.662 2
182.725 1
182.787 4
182.85 1
182.85 2
182.912 3
182.912 4
182.975 1
182.975 2
183.037 4
183.1 3
183.162 2
183.225 3
183.225 1
183.225 4
183.725 1
184.225 2
184.225 3
184.475 2
184.475 3
184.537 1
184.6 3
184.6 4
184.662 2
184.725 3
184.725 1
184.787 4
184.85 2
184.85 1
184.912 3
184.975 4
184.975 1
185.037 2
185.1 3
185.1 4
185.162 2
185.225 1
185.225 3
185.287 4
185.35 2
185.35 3
185.412 1
185.475 2
185.475 4
185.537 3
185.6 2
185.6 1
185.662 3
185.725 2
185.725 4
185.787 3
185.85 1
185.85 2
185.912 4
185.975 1
185.975 3
186.037 2
186.1 1
186.1 4
186.162 3
186.225 2
186.225 4
186.287 1
186.35 2
186.35 3
186.412 4
186.475 2
186.475 1
186.537 3
186.6 2
186.6 4
186.662 1
186.725 4
186.725 3
186.787 1
186.85 2
186.85 3
186.912 4
186.975 2
186.975 1
187.037 3
187.1 2
187.1 4
187.162 1
187.225 2
187.225 4
187.225 3
187.287 1
187.35 2
187.35 3
187.412 4
187.475 2
187.475 1
187.537 3
187.6 2
187.6 4
187.6 1
187.662 3
187.725 2
187.725 4
187.787 1
187.85 2
187.85 3
187.912 4
187.975 2
187.975 1
187.975 3
188.037 4
188.1 3
188.1 1
188.162 2
188.225 1
188.225 3
188.225 4
188.475 4
188.475 3
188.537 1
188.537 2
188.6 4
188.6 3
188.662 2
188.662 1
188.725 4
188.725 3
188.787 2
188.787 1
188.85 3
188.85 4
188.912 2
188.912 1
188.975 3
188.975 4
189.037 2
189.037 1
189.1 3
189.1 4
189.162 1
189.162 2
189.225 4
189.225 3
189.287 2
189.287 1
189.35 4
189.35 3
189.412 2
189.412 1
189.475 3
189.475 4
189.537 2
189.537 1
189.6 3
189.6 4
189.662 1
189.662 2
189.725 3
189.725 4
189.787 0
189.787 2
189.85 3
189.85 4
189.912 2
189.912 1
189.975 3
189.975 4
189.975 1
190.225 4
190.225 3
190.287 2
190.35 1
190.35 3
190.412 4
190.475 3
190.475 2
190.537 1
190.6 2
190.6 4
190.662 3
190.725 2
190.725 1
190.787 4
190.85 3
190.85 1
190.912 2
190.975 3
190.975 4
191.037 2
191.1 1
191.1 3
191.162 4
191.225 1
191.225 2
191.35 2
191.35 1
191.475 1
191.475 2
191.6 4
191.6 3
191.662 2
191.662 1
191.725 3
191.725 4
191.787 2
191.787 1
191.85 3
191.85 4
191.975 4
191.975 1
192.037 3
192.037 2
192.1 4
192.1 1
192.162 3
192.162 2
192.225 4
192.225 1
192.35 2
192.35 4
192.412 3
192.412 1
192.475 2
192.475 4
192.537 3
192.537 1
192.6 4
192.6 2
192.725 2
192.725 3
192.787 1
192.787 4
192.85 2
192.85 3
192.912 1
192.912 4
192.975 4
192.975 3
193.037 2
193.037 1
193.1 3
193.1 4
193.162 1
193.162 2
193.225 2
193.225 3
193.225 4