0.19 2
0.871 4
1.553 1
3.826 3
4.508 2
5.19 4
7.462 1
8.144 3
8.826 2
11.099 4
11.78 1
12.462 3
13.144 2
13.826 3
14.71 1
15.391 2
15.619 3
15.619 4
16.073 1
16.982 3
17.437 2
17.437 4
17.891 1
18.346 3
19.008 4
19.228 1
19.228 2
19.67 4
20.552 2
20.994 3
20.994 4
21.435 1
22.528 2
22.745 1
22.745 3
22.962 4
23.18 2
23.397 3
23.615 4
23.832 1
24.049 3
24.267 2
24.484 1
24.484 4
24.702 3
24.919 2
25.136 1
25.354 4
25.568 2
25.782 3
25.997 1
26.211 3
26.211 2
26.425 4
26.64 2
26.854 1
27.068 4
27.283 3
27.497 2
28.569 1
28.783 2
28.994 3
29.205 4
29.416 1
29.628 3
29.628 2
29.839 4
30.05 2
30.261 3
30.473 1
30.684 4
30.895 3
31.106 2
31.318 1
31.318 4
31.529 3
31.74 1
31.952 2
32.163 4
32.368 2
32.574 3
32.779 1
32.985 2
32.985 4
33.19 3
33.396 1
33.601 2
33.807 3
34.012 4
34.218 1
34.424 3
34.629 2
34.629 4
34.835 3
35.04 1
35.246 3
35.451 2
35.653 4
35.856 2
36.059 3
36.261 1
36.261 4
36.464 3
36.667 2
36.869 4
37.072 1
37.275 2
37.478 4
37.68 3
37.883 1
37.883 4
38.086 2
38.288 3
38.491 2
38.694 4
38.886 3
39.078 2
39.271 1
39.463 3
39.463 2
39.655 4
39.848 1
40.04 4
40.232 3
41.771 4
41.958 1
42.146 3
42.333 2
42.521 1
42.521 4
42.708 3
42.896 2
43.083 3
43.271 1
43.458 3
43.646 2
43.833 4
44.021 2
44.021 1
44.208 3
44.396 1
44.583 2
44.771 4
44.953 1
45.136 3
45.319 2
45.502 4
45.502 3
45.685 1
45.868 2
46.051 4
46.234 3
46.417 1
46.6 2
46.783 4
46.966 3
46.966 1
47.149 2
47.332 4
47.515 1
47.698 4
47.872 2
48.046 3
48.221 4
48.395 2
48.395 1
48.57 3
48.744 4
48.918 3
49.093 2
49.267 1
49.442 3
49.616 4
49.791 1
49.791 2
49.965 4
50.139 3
50.314 1
50.488 2
50.658 4
50.829 3
50.999 1
51.17 4
51.17 2
51.34 3
51.511 1
51.681 4
51.852 2
52.022 3
52.193 1
52.363 2
52.534 3
52.534 4
52.704 2
52.875 1
53.045 3
53.216 2
53.382 4
53.549 1
53.716 4
53.882 2
53.882 3
54.049 1
54.216 4
54.382 2
54.549 3
54.716 4
54.882 1
55.049 3
55.216 4
55.216 2
55.382 1
55.549 3
55.716 2
55.882 4
56.045 1
56.208 3
56.371 2
56.534 1
56.534 4
56.697 3
56.86 2
57.023 4
57.186 1
57.349 3
57.512 2
57.675 1
57.839 3
57.839 4
58.002 2
58.165 1
58.328 3
58.491 1
58.65 2
58.81 4
58.969 1
59.129 2
59.129 3
59.288 4
59.448 1
59.608 2
59.767 4
59.927 3
60.086 1
60.246 2
60.405 4
60.405 1
60.565 3
60.725 2
60.884 1
61.044 4
61.202 3
61.361 1
61.52 2
61.679 4
61.835 3
61.991 2
62.147 1
62.304 3
62.459 2
62.615 4
62.77 3
62.926 2
62.926 1
63.538 1
63.997 2
63.997 4
64.15 3
64.456 1
64.456 4
65.069 3
65.375 1
65.987 2
65.987 3
66.432 4
66.432 1
66.581 3
66.878 4
66.878 2
67.472 3
67.769 1
68.363 3
68.363 4
68.795 1
68.795 2
68.939 3
69.227 4
69.227 1
69.803 2
70.091 4
70.667 3
70.667 2
71.087 1
71.087 4
71.227 2
71.508 3
71.508 1
71.925 4
71.925 3
72.338 1
72.338 2
72.613 4
72.889 1
72.889 3
73.288 1
73.288 4
73.421 2
73.687 3
73.687 1
74.214 2
74.475 4
74.997 2
74.997 3
75.379 4
75.379 2
75.506 1
75.761 3
75.761 4
76.266 1
76.516 3
77.016 2
77.016 1
77.388 3
77.388 2
77.512 4
77.76 1
77.76 3
78.254 2
78.501 4
78.995 1
78.995 4
79.364 3
79.364 2
79.487 1
79.733 4
79.733 3
80.102 1
80.225 4
80.471 2
80.963 3
81.204 1
81.446 4
81.688 2
81.93 1
82.17 2
82.41 4
82.65 3
82.89 2
83.128 1
83.366 3
83.604 2
83.843 1
84.079 3
84.315 4
84.551 2
84.788 3
85.022 4
85.256 1
85.491 2
85.725 4
85.957 3
86.19 2
86.422 1
86.655 3
86.886 2
87.117 4
87.346 2
87.575 3
87.802 4
88.029 2
88.48 3
88.818 1
88.931 4
88.931 3
89.156 2
89.607 4
89.833 2
89.833 3
90.284 4
90.284 1
90.622 3
90.735 2
90.735 4
90.961 1
91.412 2
91.637 3
91.637 1
92.089 2
92.427 4
92.54 1
92.54 2
92.765 3
93.216 1
93.442 3
93.442 4
93.893 2
94.119 3
94.344 1
94.57 4
94.737 2
95.07 3
95.306 1
95.491 4
95.676 2
95.676 3