9.771 4
9.847 1
9.923 2
10.075 4
10.15 1
10.226 2
10.378 4
10.529 1
10.681 4
10.984 4
11.287 4
11.438 2
11.59 4
11.741 1
11.893 4
12.196 1
12.271 4
12.347 3
12.499 1
12.575 3
12.65 4
12.802 1
12.878 4
12.953 3
13.105 1
13.181 3
13.256 4
13.408 1
13.484 4
13.559 3
13.711 1
13.787 3
13.862 4
14.014 1
14.09 4
14.165 3
14.317 1
14.317 3
14.62 4
14.696 1
14.771 2
14.923 4
15.226 4
15.378 1
15.529 4
15.832 4
16.135 4
16.287 2
16.438 4
16.59 1
16.741 4
17.044 1
17.12 2
17.196 4
17.347 1
17.423 4
17.499 3
17.65 1
17.802 4
17.953 1
18.256 1
18.559 1
18.711 3
18.862 1
19.014 3
19.165 1
19.165 3
19.468 1
19.468 2
19.468 4
19.468 3
19.771 2
19.771 1
20.074 4
20.074 3
20.074 2
20.074 1
20.226 4
20.226 3
20.378 4
20.378 3
20.378 2
20.378 1
20.681 3
20.681 2
20.681 1
20.681 4
20.984 1
20.984 4
20.984 2
20.984 3
21.135 2
21.135 3
21.135 1
21.135 4
21.438 1
21.438 4
21.438 2
21.438 3
21.59 3
21.59 2
21.893 1
21.893 4
21.893 2
21.893 3
22.044 2
22.196 4
22.196 1
22.347 3
22.499 2
22.499 3
22.499 1
22.499 4
22.65 1
22.65 4
22.65 2
22.65 3
22.802 2
22.802 1
22.953 3
22.953 4
23.105 2
23.105 3
23.105 1
23.105 4
23.256 2
23.256 1
23.408 1
23.408 4
23.408 2
23.408 3
23.559 4
23.559 3
23.711 2
23.711 3
23.711 1
23.711 4
23.862 2
23.862 3
23.862 1
23.862 4
24.014 1
24.014 4
24.014 2
24.014 3
24.09 2
24.09 1
24.09 3
24.09 4
24.165 4
24.165 1
24.165 2
24.165 3
24.241 2
24.241 1
24.317 1
24.317 4
24.317 2
24.317 3
24.393 3
24.393 4
24.468 2
24.468 1
24.544 3
24.544 4
24.62 4
24.62 1
24.62 2
24.696 3
24.771 2
24.771 1
24.847 4
24.923 3
24.923 2
24.923 1
24.999 4
24.999 1
25.074 2
25.074 3
25.15 2
25.15 4
25.226 4
25.226 3
25.226 1
25.302 2
25.302 1
25.378 4
25.378 3
25.453 4
25.453 1
25.529 2
25.529 3
25.529 1
25.605 2
25.681 4
25.681 3
25.756 1
25.832 3
25.832 2
25.832 4
25.908 4
25.908 3
25.984 2
25.984 1
26.059 3
26.135 4
26.135 1
26.135 2
26.211 3
26.287 2
26.287 1
26.362 4
26.362 3
26.438 3
26.438 2
26.438 1
26.514 1
26.59 4
26.59 3
26.665 2
26.741 4
26.741 3
26.741 1
26.817 3
26.817 2
26.893 2
26.893 1
26.968 4
26.968 3
27.044 2
27.044 1
27.044 4
27.12 3
27.196 1
27.196 2
27.271 4
27.347 3
27.347 1
27.347 2
27.423 4
27.423 1
27.499 2
27.499 3
27.574 2
27.574 1
27.65 3
27.65 1
27.65 4
27.726 4
27.726 2
27.802 3
27.802 1
27.878 2
27.878 1
27.953 4
27.953 3
27.953 2
28.029 4
28.029 3
28.105 2
28.105 1
28.105 4
28.181 1
28.181 2
28.256 3
28.256 4
28.256 1
28.332 2
28.408 4
28.408 3
28.484 2
28.484 1
28.559 1
28.559 4
28.559 3
28.635 4
28.711 2
28.711 1
28.787 2
28.862 4
28.862 3
28.862 1
28.938 4
28.938 3
28.938 2
29.014 4
29.014 3
29.014 1
29.09 2
29.165 1
29.165 4
29.165 3
29.241 2
29.241 1
29.317 3
29.317 2
29.393 4
29.393 3
29.468 1
29.468 2
29.468 4
29.544 3
29.62 2
29.62 1
29.696 3
29.771 4
29.771 1
29.771 2
29.847 3
29.847 4
29.923 2
29.923 1
29.999 2
29.999 3
30.074 3
30.074 4
30.074 1
30.15 2
30.15 1
30.226 4
30.226 3
30.302 1
30.302 4
30.378 2
30.378 1
30.378 3
30.453 4
30.453 2
30.529 4
30.529 1
30.605 3
30.681 4
30.681 2
30.681 1
30.756 3
30.832 2
30.832 1
30.908 4
30.908 3
30.984 4
30.984 1
30.984 2
31.059 3
31.135 2
31.135 4
31.211 1
31.287 2
31.287 4
31.287 3
31.362 4
31.362 1
31.438 2
31.438 3
31.514 1
31.59 2
31.59 3
31.59 4
31.665 4
31.665 1
31.741 3
31.741 2
31.817 2
31.817 1
31.893 3
31.893 4
31.893 1
31.968 2
31.968 4
32.044 3
32.044 1
32.12 4
32.196 3
32.196 2
32.196 1
32.271 4
32.271 1
32.347 2
32.347 3
32.423 3
32.423 1
32.499 2
32.499 4
32.499 1
32.574 4
32.574 3
32.65 2
32.65 1
32.726 2
32.726 3
32.802 4
32.802 3
32.802 1
32.878 2
32.878 1
32.953 4
32.953 3
33.029 2
33.105 3
33.105 1
33.105 4
33.181 2
33.256 4
33.256 3
33.332 2
33.408 4
33.408 3
33.408 1
33.484 4
33.559 3
33.559 2
33.559 1
33.635 2
33.711 1
33.711 4
33.711 3
33.787 3
33.862 4
33.862 2
33.862 1
33.938 1
34.014 2
34.014 4
34.014 3
34.09 2
34.09 1
34.165 4
34.165 3
34.241 2
34.241 1
34.317 4
34.317 3
34.317 2
34.317 1
34.393 4
34.468 1
34.468 3
34.544 2
34.62 4
34.62 3
34.62 1
34.696 2
34.696 3
34.771 2
34.771 1
34.847 4
34.847 3
34.923 2
34.923 1
34.923 3
34.923 4
34.999 2
34.999 1
35.074 3
35.074 4
35.15 1
35.15 4
35.226 3
35.226 2
35.226 1
35.302 4
35.302 3
35.378 4
35.378 1
35.453 2
35.453 3
35.529 3
35.529 4
35.529 2
35.529 1
35.605 4
35.681 2
35.681 1
35.756 3
35.832 4
35.832 1
35.832 2
35.908 4
35.984 2
35.984 1
36.059 3
36.135 2
36.135 1
36.135 3
36.135 4
36.211 4
36.211 3
36.287 1
36.287 2
36.362 3
36.438 4
36.438 2
36.438 1
36.514 3
36.514 2
36.59 4
36.59 3
36.665 2
36.665 1
36.741 3
36.741 4
36.741 2
36.741 1
36.817 4
36.893 3
36.893 1
36.968 2
37.044 3
37.044 1
37.044 4
37.12 2
37.12 1
37.196 4
37.196 3
37.271 2
37.271 3
37.347 2
37.347 1
37.347 3
37.347 4
37.423 2
37.423 1
37.499 1
37.499 4
37.574 4
37.574 3
37.65 3
37.65 2
37.65 1
37.726 1
37.726 2
37.802 2
37.802 4
37.802 3
37.878 4
37.878 3
37.953 3
37.953 4
37.953 2
37.953 1
38.029 2
38.105 4
38.105 3
38.181 2
38.181 1
38.256 1
38.256 4
38.256 3
38.332 2
38.408 4
38.408 3
38.484 2
38.484 1
38.559 2
38.559 1
38.559 3
38.559 4
38.635 3
38.635 4
38.635 2
38.635 1
38.711 2
38.711 1
38.711 3
38.711 4
38.787 3
38.862 4
38.862 1
38.862 2
38.938 3
38.938 4
39.014 2
39.014 1
39.09 3
39.09 2
39.165 3
39.165 2
39.165 1
39.165 4
39.241 1
39.317 4
39.317 3
39.393 2
39.468 4
39.468 3
39.468 1
39.544 2
39.544 3
39.62 2
39.62 1
39.696 4
39.696 3
39.771 2
39.771 1
39.771 3
39.771 4
39.847 2
39.847 1
39.923 4
39.923 3
39.999 3
39.999 2
40.074 2
40.074 1
40.074 4
40.15 3
40.15 4
40.226 2
40.226 1
40.302 1
40.302 4
40.378 3
40.378 4
40.378 2
40.378 1
40.453 3
40.529 2
40.529 1
40.605 4
40.681 3
40.681 2
40.681 1
40.756 2
40.832 1
40.832 4
40.908 3
40.984 2
40.984 1
40.984 3
40.984 4
41.059 4
41.059 1
41.135 1
41.135 2
41.211 3
41.287 4
41.287 1
41.362 2
41.438 3
41.438 4
41.514 2
41.59 4
41.59 3
41.59 1
41.741 2
41.741 1
41.893 2
41.893 1
41.968 3
42.044 4
42.044 2
42.196 1
42.196 2
42.196 4
42.271 3
42.347 2
42.347 1
42.499 4
42.499 3
42.574 2
42.65 1
42.65 4
42.802 4
42.802 3
42.802 1
42.878 3
42.953 2
42.953 1
43.105 4
43.105 1
43.181 3
43.256 2
43.256 1
43.332 2
43.408 4
43.408 3
43.408 1
43.559 2
43.559 1
43.711 3
43.711 4
43.711 2
43.711 1
43.787 3
43.787 2
43.862 4
43.862 3
43.938 2
43.938 1
44.014 2
44.014 1
44.014 3
44.014 4
44.09 3
44.09 4
44.165 4
44.165 1
44.241 2
44.241 1
44.317 3
44.317 4
44.317 2
44.317 1
44.393 4
44.393 3
44.468 4
44.468 1
44.468 2
44.544 4
44.544 3
44.62 2
44.62 1
44.62 3
44.62 4
44.696 1
44.696 2
44.771 1
44.771 4
44.847 1
44.847 2
44.923 3
44.923 4
44.923 2
44.923 1
44.999 3
44.999 4
45.074 3
45.074 2
45.15 3
45.15 4
45.226 2
45.226 1
45.226 3
45.226 4
45.302 2
45.302 1
45.378 1
45.378 4
45.378 3
45.453 2
45.453 3
45.529 3
45.529 4
45.529 2
45.529 1
45.605 4
45.605 1
45.681 4
45.681 3
45.681 2
45.756 2
45.756 1
45.832 2
45.832 1
45.832 3
45.832 4
45.908 3
45.908 4
45.984 2
45.984 1
46.059 4
46.059 1
46.135 3
46.135 4
46.135 2
46.135 1
46.211 2
46.211 3
46.287 4
46.287 3
46.362 2
46.362 1
46.438 2
46.438 1
46.438 3
46.438 4
46.514 3
46.514 4
46.59 4
46.59 1
46.665 2
46.665 1
46.741 3
46.741 4
46.741 2
46.741 1
46.817 3
46.817 4
46.893 1
46.893 2
46.893 3
46.968 4
46.968 3
47.044 2
47.044 1
47.044 3
47.044 4
47.12 2
47.12 1
47.196 2
47.196 3
47.271 2
47.271 1
47.347 3
47.347 4
47.347 2
47.347 1
47.423 4
47.423 3
47.499 2
47.499 1
47.499 3
47.499 4
47.574 2
47.574 1
47.65 3
47.65 4
47.65 2
47.65 1
47.726 3
47.726 4
47.802 2
47.802 1
47.802 4
47.878 3
47.878 2
47.953 2
47.953 1
47.953 3
47.953 4
48.029 4
48.029 1
48.105 4
48.105 3
48.105 2
48.181 2
48.181 1
48.256 3
48.256 4
48.256 2
48.256 1
48.332 3
48.332 4
48.332 2
48.332 1
48.408 2
48.408 1
48.408 3
48.408 4
48.484 3
48.484 4
48.559 2
48.559 1
48.559 3
48.559 4
48.635 2
48.635 1
48.711 4
48.711 1
48.787 2
48.787 3
48.862 3
48.862 4
48.862 2
48.862 1
48.938 4
48.938 1
49.014 2
49.014 1
49.09 4
49.09 3
49.165 2
49.165 1
49.165 3
49.165 4
49.241 1
49.241 2
49.317 4
49.317 1
49.317 3
49.393 1
49.393 2
49.468 3
49.468 4
49.468 2
49.468 1
49.544 4
49.544 3
49.62 4
49.62 2
49.696 4
49.696 1
49.771 2
49.771 1
49.771 3
49.771 4
49.847 2
49.847 1
49.923 2
49.923 3
49.999 2
49.999 1
50.074 3
50.074 4
50.074 2
50.074 1
50.15 3
50.15 4
50.226 2
50.226 4
50.226 1
50.302 3
50.302 2
50.378 2
50.378 1
50.378 3
50.378 4
50.453 3
50.453 1
50.529 2
50.529 1
50.529 4
50.605 3
50.605 4
50.681 3
50.681 4
50.681 2
50.681 1
50.756 2
50.756 1
50.832 4
50.832 3
50.832 1
50.908 2
50.908 4
50.984 2
50.984 1
50.984 3
50.984 4
51.059 3
51.059 1
51.135 2
51.135 1
51.211 3
51.211 4
51.287 3
51.287 4
51.287 2
51.287 1
51.362 1
51.362 2
51.438 3
51.438 4
51.514 4
51.514 1
51.59 2
51.59 1
51.59 3
51.59 4
51.665 3
51.665 2
51.741 4
51.741 3
51.741 1
51.817 2
51.817 1
51.893 3
51.893 4
51.893 2
51.893 1
51.968 3
51.968 4
52.044 4
52.044 1
52.12 3
52.12 2
52.196 2
52.196 1
52.196 3
52.196 4
52.271 4
52.271 1
52.347 2
52.347 1
52.423 4
52.423 3
52.499 2
52.499 1
52.499 3
52.499 4
52.574 2
52.574 1
52.65 4
52.65 3
52.726 3
52.726 2
52.802 3
52.802 4
52.802 2
52.802 1
52.878 4
52.878 1
52.953 2
52.953 3
52.953 4
53.029 2
53.029 1
53.105 2
53.105 1
53.105 3
53.105 4
53.181 3
53.181 4
53.256 4
53.256 3
53.256 1
53.332 2
53.332 1
53.408 3
53.408 4
53.408 2
53.408 1
53.484 3
53.484 4
53.559 4
53.559 2
53.559 1
53.635 3
53.635 2
53.711 2
53.711 1
53.711 3
53.711 4
53.787 4
53.787 1
53.862 3
53.862 2
53.862 1
53.938 3
53.938 4
54.014 3
54.014 4
54.014 2
54.014 1
54.09 2
54.09 1
54.165 4
54.165 3
54.165 1
54.241 2
54.241 1
54.317 2
54.317 1
54.317 3
54.317 4
54.393 3
54.393 4
54.468 2
54.468 1
54.468 4
54.544 3
54.544 4
54.62 3
54.62 4
54.62 2
54.62 1
54.696 1
54.696 2
54.771 2
54.771 3
54.771 4
54.847 2
54.847 1
54.923 2
54.923 1
54.923 3
54.923 4
54.999 3
54.999 4
55.074 4
55.074 1
55.074 2
55.15 3
55.15 1
55.226 3
55.226 4
55.226 2
55.226 1
55.302 2
55.302 4
55.378 4
55.378 3
55.378 1
55.453 2
55.453 3
55.529 2
55.529 1
55.529 3
55.529 4
55.605 4
55.605 1
55.681 3
55.681 2
55.681 1
55.756 3
55.756 4
55.832 3
55.832 4
55.832 2
55.832 1
55.908 2
55.908 1
55.984 1
55.984 3
55.984 4
56.059 2
56.059 1
56.135 2
56.135 1
56.135 3
56.135 4
56.211 4
56.211 3
56.287 3
56.287 2
56.287 1
56.362 2
56.362 1
56.438 3
56.438 4
56.438 2
56.438 1
56.514 3
56.514 4
56.59 2
56.59 1
56.59 3
56.665 3
56.665 4
56.741 2
56.741 1
56.741 3
56.741 4
56.817 2
56.817 1
56.893 4
56.893 3
56.893 2
56.968 1
56.968 2
57.044 3
57.044 4
57.044 2
57.044 1
57.12 4
57.12 3
57.196 2
57.196 1
57.196 3
57.196 4
57.271 2
57.271 1
57.347 3
57.347 4
57.347 2
57.347 1
57.423 2
57.423 3
57.499 4
57.499 3
57.499 1
57.574 2
57.574 4
57.65 2
57.65 1
57.65 3
57.65 4
57.726 3
57.726 1
57.802 2
57.802 1
57.802 4
57.878 4
57.878 3
57.953 2
57.953 1
57.953 3
57.953 4
58.029 2
58.029 1
58.029 3
58.029 4
58.105 3
58.105 4
58.105 2
58.105 1
58.181 2
58.181 1
58.256 3
58.256 4
58.256 2
58.256 1
58.332 3
58.332 4
58.408 4
58.408 2
58.408 1
58.484 3
58.484 2
58.559 2
58.559 1
58.559 3
58.559 4
58.635 4
58.635 1
58.711 3
58.711 2
58.711 1
58.787 4
58.787 3
58.862 3
58.862 4
58.862 2
58.862 1
58.938 2
58.938 1
59.014 2
59.014 3
59.014 4
59.09 2
59.09 1
59.165 2
59.165 1
59.165 3
59.165 4
59.241 4
59.241 3
59.317 4
59.317 2
59.317 1
59.393 4
59.393 3
59.468 3
59.468 4
59.468 2
59.468 1
59.544 1
59.544 2
59.62 1
59.62 4
59.62 3
59.696 1
59.696 2
59.771 2
59.771 1
59.771 3
59.771 4
59.847 3
59.847 4
59.923 4
59.923 2
59.923 1
59.999 3
59.999 1
60.074 3
60.074 4
60.074 2
60.074 1
60.15 2
60.15 4
60.226 4
60.226 3
60.226 1
60.302 2
60.302 1
60.378 2
60.378 1
60.378 3
60.378 4
60.453 3
60.453 4
60.529 4
60.529 2
60.529 1
60.605 3
60.605 2
60.681 3
60.681 4
60.681 2
60.681 1
60.756 4
60.756 1
60.832 2
60.832 4
60.832 3
60.908 2
60.908 1
60.984 2
60.984 1
60.984 3
60.984 4
61.059 4
61.059 3
61.135 4
61.135 2
61.135 1
61.211 3
61.211 2
61.287 3
61.287 4
61.287 2
61.287 1
61.362 4
61.362 3
61.438 4
61.438 2
61.438 1
61.514 4
61.514 3
61.59 2
61.59 1
61.59 3
61.59 4
61.665 2
61.665 1
61.741 2
61.741 3
61.741 4
61.817 2
61.817 1
61.893 3
61.893 4
61.893 2
61.893 1
61.968 3
61.968 4
62.044 3
62.044 2
62.044 1
62.12 3
62.12 4
62.196 2
62.196 1
62.196 3
62.196 4
62.271 2
62.271 1
62.347 4
62.347 3
62.347 1
62.423 2
62.423 3
62.499 3
62.499 4
62.499 2
62.499 1
62.574 4
62.574 1
62.65 3
62.65 2
62.65 1
62.726 4
62.726 3
62.802 2
62.802 1
62.802 3
62.802 4
62.878 2
62.953 1
62.953 4
62.953 3
63.029 3
63.105 4
63.105 1
63.105 2
63.332 1
63.408 3
63.408 2
63.408 4
63.635 2
63.711 3
63.711 4
63.938 3
64.014 4
64.014 2
64.014 1
64.241 2
64.317 4
64.317 1
64.544 3
64.62 1
64.62 4
64.62 2
64.847 4
64.923 3
64.923 2
65.074 2
65.074 1
65.15 3
65.226 2
65.226 1
65.226 4
65.378 4
65.378 3
65.529 1
65.529 2
65.681 2
65.681 3
65.832 4
65.832 3
65.832 1
65.984 2
65.984 4
66.135 3
66.135 1
66.287 1
66.287 4
66.438 2
66.438 1
66.438 3
66.59 4
66.59 3
66.741 2
66.741 1
66.741 4
66.893 2
66.893 1
66.893 3
67.044 4
67.044 3
67.044 1
67.196 2
67.196 4
67.347 3
67.347 2
67.499 3
67.499 1
67.65 2
67.65 1
67.65 4
67.726 3
67.726 4
67.802 2
67.802 1
67.878 4
67.878 3
67.953 2
67.953 1
68.105 2
68.256 4
68.256 3
68.256 1
68.408 4
68.559 2
68.559 1
68.711 3
68.711 2
68.862 3
68.862 1
68.862 4
69.014 2
69.014 1
69.165 4
69.165 3
69.317 3
69.393 2
69.393 1
69.468 4
69.468 3
69.468 1
69.62 2
69.62 3
69.771 2
69.771 1
69.923 3
70.074 2
70.074 1
70.074 4
70.226 3
70.226 1
70.378 2
70.378 4
70.453 3
70.529 2
70.605 3
70.681 1
70.681 2
70.681 4
70.832 3
70.832 2
70.984 4
70.984 1
71.135 3
71.135 2
71.287 3
71.287 4
71.287 1
71.438 2
71.438 1
71.59 4
71.59 3
71.741 4
71.741 1
71.893 3
71.893 2
71.893 1
72.044 2
72.044 4
72.196 4
72.196 3
72.347 2
72.347 1
72.499 4
72.499 3
72.499 1
72.65 3
72.65 2
72.802 4
72.802 1
72.953 3
73.105 2
73.105 1
73.256 3
73.408 1
73.408 2
73.559 3
73.711 2
73.711 4
73.862 3
74.014 2
74.014 4
74.165 3
74.165 2
74.317 3
74.317 1
74.317 4
74.468 2
74.468 1
74.62 3
74.62 4
74.771 1
74.771 4
74.923 3
74.923 2
74.923 1
75.074 4
75.074 3
75.226 1
75.226 2
75.378 4
75.529 3
75.529 2
75.681 3
75.832 4
75.832 2
75.984 3
76.135 2
76.135 1
76.287 3
76.438 1
76.438 2
76.59 2
76.59 3
76.741 4
76.741 3
76.741 1
76.893 2
76.893 1
77.044 4
77.044 3
77.196 3
77.196 2
77.347 2
77.347 1
77.347 4
77.423 3
77.423 4
77.499 2
77.499 1
77.574 3
77.65 4
77.65 1
77.65 2
77.802 3
77.953 2
77.953 1
78.105 3
78.256 1
78.256 2
78.408 3
78.559 4
78.559 2
78.711 3
78.862 4
78.862 3
79.014 1
79.014 2
79.165 3
79.165 1
79.165 4
79.317 2
79.317 3
79.468 4
79.468 2
79.62 3
79.771 1
79.771 4
79.771 2
79.923 3
79.923 2
80.074 2
80.074 1
80.226 3
80.378 4
80.378 1
80.378 2
80.428 3
80.479 2
80.529 1
80.681 4
80.681 3
80.782 1
80.832 2
80.883 3
80.984 1
80.984 2
80.984 4
81.135 3
81.135 2
81.236 4
81.287 3
81.287 1
81.337 2
81.438 1
81.59 4
81.59 3
81.59 2
81.691 1
81.741 2
81.792 3
81.893 1
81.893 4
82.044 2
82.095 4
82.145 3
82.196 2
82.196 1
82.196 4
82.347 4
82.347 2
82.499 4
82.499 3
82.928 2
83.105 4
83.509 3
83.711 1
84.115 3
84.298 2
84.468 4
84.734 1
84.904 3
85.302 3
85.491 1
85.908 4
86.097 2
86.514 2
86.703 4
86.893 1
87.12 4
87.12 2
87.29 4
87.29 3
87.726 2
87.726 1
87.896 1
87.896 4
88.332 3
88.332 2
88.559 1
88.559 4
88.938 3
88.938 1
89.109 2
89.109 1
89.292 4
89.292 3
89.544 4
89.544 1
89.715 3
89.715 2
90.15 3
90.15 1
90.321 2
90.321 1
90.756 4
90.756 2
90.927 3
90.927 2
91.211 4
91.211 3
91.362 2
91.362 1
91.842 4
91.842 3
91.893 2
91.893 1
91.943 4
91.943 3
91.994 2
91.994 1
92.044 3
92.044 4
92.095 2
92.095 1
92.196 4
92.196 3
92.196 2
92.196 1
92.271 2
92.271 1
92.347 4
92.347 3
92.423 3
92.423 2
92.499 2
92.499 1
92.499 3
92.499 4
92.574 4
92.574 1
92.65 3
92.65 2
92.726 2
92.726 1
92.802 4
92.802 3
92.802 1
92.878 2
92.878 3
92.953 2
92.953 1
92.953 4
93.029 3
93.029 4
93.105 3
93.105 4
93.105 2
93.105 1
93.181 2
93.181 1
93.256 4
93.256 3
93.332 4
93.332 1
93.408 3
93.408 2
93.408 1
93.484 2
93.484 4
93.559 4
93.559 3
93.635 2
93.635 1
93.711 2
93.711 1
93.711 3
93.711 4
93.787 3
93.787 4
93.862 4
93.862 1
93.862 2
93.938 3
93.938 2
94.014 1
94.014 4
94.014 3
94.09 2
94.09 1
94.165 3
94.165 2
94.165 4
94.241 4
94.241 1
94.317 3
94.317 4
94.317 2
94.317 1
94.393 3
94.393 2
94.468 4
94.468 3
94.544 2
94.544 1
94.62 4
94.62 3
94.62 1
94.696 2
94.696 3
94.771 1
94.771 2
94.847 4
94.847 3
94.923 2
94.923 1
94.923 3
94.923 4
94.999 2
94.999 1
95.074 4
95.074 3
95.15 4
95.15 1
95.226 3
95.226 2
95.226 1
95.302 2
95.302 4
95.378 4
95.378 3
95.378 1
95.453 1
95.453 2
95.529 3
95.529 4
95.529 2
95.529 1
95.605 3
95.605 4
95.681 2
95.681 1
95.756 2
95.756 3
95.832 4
95.832 2
95.832 1
95.832 3
95.908 4
95.908 3
95.984 2
95.984 1
95.984 3
95.984 4
96.059 2
96.059 1
96.135 2
96.135 1
96.135 3
96.135 4
96.211 2
96.211 3
96.287 4
96.287 3
96.287 1
96.362 2
96.362 1
96.438 2
96.438 4
96.438 3
96.514 4
96.514 1
96.59 3
96.59 2
96.59 1
96.665 4
96.665 3
96.741 3
96.741 4
96.741 2
96.741 1
96.817 3
96.817 4
96.817 2
96.817 1
96.893 2
96.893 1
96.893 3
96.893 4
96.968 2
96.968 1
97.044 2
97.044 1
97.044 3
97.044 4
97.12 3
97.12 4
97.196 1
97.196 2
97.271 1
97.271 4
97.347 3
97.347 4
97.347 2
97.347 1
97.423 3
97.423 2
97.499 4
97.499 3
97.574 2
97.574 1
97.65 4
97.65 3
97.65 1
97.726 3
97.726 2
97.802 2
97.802 4
97.802 1
97.878 3
97.878 4
97.953 2
97.953 1
97.953 3
97.953 4
98.029 2
98.029 1
98.105 4
98.105 3
98.181 4
98.181 1
98.256 3
98.256 2
98.256 1
98.332 2
98.332 4
98.408 3
98.408 1
98.484 2
98.484 1
98.559 3
98.559 4
98.559 2
98.559 1
98.635 3
98.635 4
98.711 4
98.711 1
98.711 2
98.787 3
98.787 2
98.862 1
98.862 4
98.862 3
98.938 2
98.938 1
99.014 4
99.014 2
99.014 3
99.09 4
99.09 1
99.165 2
99.165 1
99.165 3
99.165 4
99.241 3
99.241 2
99.317 3
99.317 1
99.393 2
99.393 4
99.468 1
99.468 4
99.468 3
99.544 2
99.544 1
99.62 4
99.62 3
99.696 4
99.696 1
99.771 3
99.771 4
99.771 2
99.771 1
99.847 3
99.847 2
99.923 2
99.923 1
99.999 4
99.999 3
100.074 4
100.074 2
100.074 1
100.15 3
100.15 2
100.226 4
100.226 3
100.226 1
100.302 2
100.302 1
100.378 2
100.378 1
100.378 3
100.378 4
100.453 4
100.453 3
100.529 2
100.529 1
100.605 3
100.605 2
100.681 1
100.681 4
100.681 3
100.756 2
100.756 1
100.832 4
100.832 3
100.908 4
100.908 1
100.984 3
100.984 4
100.984 2
100.984 1
101.059 3
101.059 2
101.135 4
101.135 2
101.135 1
101.211 3
101.211 1
101.287 2
101.287 3
101.287 4
101.362 2
101.362 1
101.438 4
101.438 1
101.438 3
101.514 3
101.514 2
101.59 2
101.59 1
101.59 3
101.59 4
101.665 4
101.665 1
101.741 4
101.741 3
101.741 2
101.817 2
101.817 1
101.893 3
101.893 4
101.893 2
101.893 1
101.968 4
101.968 3
102.044 2
102.044 1
102.044 4
102.12 3
102.12 2
102.196 2
102.196 1
102.196 3
102.196 4
102.271 4
102.271 1
102.347 4
102.347 3
102.347 2
102.423 2
102.423 1
102.499 3
102.499 4
102.499 2
102.499 1
102.574 4
102.574 3
102.65 4
102.65 2
102.65 1
102.726 4
102.726 3
102.802 2
102.802 1
102.802 3
102.802 4
102.878 1
102.878 2
102.953 1
102.953 4
102.953 3
103.029 1
103.029 2
103.105 3
103.105 4
103.105 2
103.105 1
103.181 3
103.181 4
103.256 3
103.256 2
103.256 1
103.332 3
103.332 4
103.408 2
103.408 1
103.408 3
103.408 4
103.484 2
103.484 1
103.559 4
103.559 3
103.559 1
103.635 2
103.635 4
103.711 3
103.711 4
103.711 2
103.711 1
103.787 3
103.787 1
103.862 2
103.862 1
103.862 4
103.938 3
103.938 4
104.014 2
104.014 1
104.014 3
104.014 4
104.09 2
104.09 1
104.165 4
104.165 3
104.165 1
104.241 3
104.241 4
104.317 3
104.317 4
104.317 2
104.317 1
104.393 2
104.393 1
104.468 2
104.468 3
104.468 4
104.544 2
104.544 1
104.62 2
104.62 1
104.62 3
104.62 4
104.696 4
104.696 3
104.771 4
104.771 2
104.771 1
104.847 2
104.847 1
104.923 3
104.923 4
104.923 2
104.923 1
104.999 3
104.999 4
105.074 3
105.074 1
105.074 2
105.15 3
105.15 4
105.226 2
105.226 1
105.226 3
105.226 4
105.302 2
105.302 1
105.378 2
105.378 4
105.378 3
105.453 2
105.453 1
105.529 3
105.529 4
105.529 2
105.529 1
105.605 4
105.605 3
105.681 2
105.681 1
105.681 3
105.681 4
105.756 2
105.756 1
105.832 3
105.832 4
105.832 2
105.832 1
105.908 4
105.908 3
105.984 4
105.984 2
105.984 1
106.059 3
106.059 2
106.135 2
106.135 1
106.135 3
106.135 4
106.211 4
106.211 1
106.287 4
106.287 3
106.287 2
106.362 2
106.362 1
106.438 3
106.438 4
106.438 2
106.438 1
106.514 3
106.514 4
106.514 2
106.514 1
106.59 2
106.59 1
106.59 3
106.59 4
106.665 3
106.665 4
106.741 2
106.741 1
106.741 3
106.741 4
106.817 2
106.817 1
106.893 4
106.893 3
106.893 1
106.968 2
106.968 1
107.044 3
107.044 4
107.044 2
107.044 1
107.12 3
107.12 2
107.196 1
107.196 4
107.196 3
107.271 4
107.271 2
107.347 2
107.347 1
107.347 3
107.347 4
107.423 1
107.423 2
107.499 1
107.499 4
107.499 3
107.574 1
107.574 2
107.65 3
107.65 4
107.65 2
107.65 1
107.726 3
107.726 4
107.802 3
107.802 2
107.802 1
107.878 3
107.878 4
107.953 2
107.953 1
107.953 3
107.953 4
108.029 2
108.029 1
108.105 2
108.105 3
108.105 4
108.181 2
108.181 1
108.256 3
108.256 4
108.256 2
108.256 1
108.332 3
108.332 4
108.408 4
108.408 2
108.408 1
108.484 3
108.484 2
108.559 2
108.559 1
108.559 3
108.559 4
108.635 4
108.635 1
108.711 3
108.711 2
108.711 1
108.787 4
108.787 2
108.862 3
108.862 4
108.862 2
108.862 1
108.938 3
108.938 4
109.014 2
109.014 1
109.014 3
109.09 2
109.09 1
109.165 2
109.165 1
109.165 3
109.165 4
109.241 4
109.241 3
109.317 4
109.317 2
109.317 1
109.393 4
109.393 3
109.468 3
109.468 4
109.468 2
109.468 1
109.544 2
109.544 1
109.62 4
109.62 3
109.62 1
109.696 2
109.696 3
109.771 2
109.771 1
109.771 3
109.771 4
109.847 1
109.847 2
109.923 1
109.923 4
109.923 3
109.999 1
109.999 2
110.074 3
110.074 4
110.074 2
110.074 1
110.15 3
110.15 4
110.226 3
110.226 2
110.226 1
110.302 3
110.302 4
110.378 2
110.378 1
110.378 3
110.378 4
110.453 2
110.453 1
110.529 2
110.529 3
110.529 4
110.605 2
110.605 1
110.681 3
110.681 4
110.681 2
110.681 1
110.756 4
110.756 3
110.832 2
110.832 1
110.832 3
110.832 4
110.908 1
110.908 2
110.984 4
110.984 3
111.059 3
111.135 4
111.135 2
111.135 1
111.211 2
111.287 2
111.287 1
111.287 3
111.287 4
111.362 3
111.438 4
111.438 1
111.438 2
111.514 1
111.59 2
111.59 3
111.59 4
111.893 3
112.196 3
112.499 3
112.802 3
113.105 3
113.256 4
113.256 3
113.408 2
113.408 1
113.559 4
113.559 3
113.559 1
113.711 4
113.711 3
113.711 2
113.711 1
114.014 3
114.014 1
114.014 2
114.014 4
114.09 2
114.165 4
114.165 3
114.165 1
114.241 4
114.317 2
114.317 4
114.317 3
114.317 1
114.393 2
114.468 3
114.468 1
114.468 4
114.544 3
114.62 4
114.62 2
114.62 1
114.696 1
114.771 2
114.771 4
114.771 3
114.847 4
114.923 3
114.923 1
114.923 2
114.923 4
114.999 2
115.074 4
115.074 3
115.074 1
115.15 3
115.226 4
115.226 3
115.226 2
115.226 1
115.302 2
115.302 1
115.378 3
115.378 1
115.378 2
115.378 4
115.453 4
115.453 3
115.529 2
115.529 4
115.529 3
115.529 1
115.605 3
115.681 2
115.681 1
115.681 4
115.756 1
115.832 4
115.832 3
115.832 2
115.908 2
115.908 1
115.984 4
115.984 3
116.059 4
116.059 1
116.135 3
116.135 1
116.135 2
116.135 4
116.211 3
116.211 2
116.211 4
116.211 1
116.287 4
116.287 1
116.287 3
116.287 2
116.362 2
116.438 4
116.438 3
116.438 1
116.514 3
116.59 2
116.59 1
116.59 4
116.665 1
116.741 2
116.741 4
116.741 3
116.741 1
116.817 4
116.893 3
116.893 2
116.893 1
116.968 2
117.044 4
117.044 3
117.044 1
117.12 2
117.12 1
117.196 4
117.196 3
117.271 3
117.271 2
117.347 3
117.347 1
117.347 2
117.347 4
117.423 4
117.499 1
117.499 3
117.499 2
117.574 1
117.65 2
117.65 3
117.65 4
117.726 3
117.802 2
117.802 4
117.802 1
117.878 1
117.953 2
117.953 4
117.953 3
117.953 1
118.029 3
118.105 4
118.105 1
118.105 2
118.181 1
118.256 2
118.256 4
118.256 3
118.332 4
118.332 3
118.408 1
118.408 2
118.484 3
118.484 2
118.559 3
118.559 1
118.559 2
118.559 4
118.635 1
118.711 3
118.711 2
118.711 4
118.787 3
118.862 1
118.862 4
118.862 2
118.938 3
118.938 4
119.014 2
119.014 1
119.09 4
119.09 3
119.165 2
119.165 4
119.165 3
119.165 1
119.241 2
119.241 1
119.317 3
119.317 2
119.393 4
119.393 3
119.468 4
119.468 1
119.468 2
119.544 2
119.62 1
119.62 4
119.62 3
119.696 4
119.771 3
119.771 1
119.771 2
119.771 4
119.847 2
119.923 3
119.923 1
119.923 4
119.999 3
120.074 4
120.074 2
120.074 1
120.15 4
120.15 3
120.226 3
120.226 2
120.302 2
120.302 1
120.378 2
120.378 4
120.378 3
120.378 1
120.453 3
120.529 4
120.529 1
120.529 2
120.605 1
120.681 3
120.681 2
120.681 4
120.756 4
120.756 3
120.832 1
120.832 2
120.908 2
120.908 3
120.984 3
120.984 1
120.984 2
120.984 4
121.059 4
121.059 1
121.135 2
121.135 3
121.211 4
121.211 1
121.287 3
121.287 1
121.287 2
121.362 4
121.362 3
121.438 2
121.438 1
121.514 4
121.514 3
121.59 2
121.59 4
121.59 3
121.59 1
121.665 2
121.741 4
121.741 3
121.741 1
121.817 3
121.893 4
121.893 1
121.893 2
121.968 2
121.968 3
122.044 4
122.044 3
122.12 2
122.12 1
122.196 3
122.196 1
122.196 2
122.196 4
122.271 3
122.347 2
122.347 1
122.347 4
122.423 2
122.499 1
122.499 4
122.499 3
122.574 3
122.574 4
122.65 2
122.65 1
122.726 3
122.726 4
122.726 1
122.802 2
122.802 4
122.802 3
122.802 1
122.878 3
122.953 1
122.953 2
122.953 4
123.029 2
123.105 4
123.105 3
123.105 1
123.181 3
123.256 2
123.256 1
123.256 4
123.332 1
123.408 3
123.408 1
123.408 2
123.408 4
123.484 4
123.559 2
123.559 3
123.635 1
123.711 4
123.711 3
123.711 2
123.787 4
123.862 3
123.862 2
123.862 1
123.938 1
124.014 2
124.014 4
124.014 3
124.014 1
124.09 3
124.165 4
124.165 2
124.165 1
124.241 2
124.317 4
124.317 3
124.317 1
124.393 3
124.468 2
124.468 1
124.468 4
124.544 1
124.62 3
124.62 1
124.62 2
124.62 4
124.696 4
124.771 3
124.771 2
124.771 1
124.847 1
124.923 3
124.923 2
124.923 4
124.923 1
124.999 4
124.999 3
125.074 1
125.074 3
125.074 2
125.074 4
125.15 2
125.15 1
125.226 2
125.226 4
125.226 3
125.226 1
125.302 3
125.378 2
125.378 1
125.378 4
125.453 1
125.529 2
125.529 3
125.529 4
125.605 3
125.681 4
125.681 1
125.681 2
125.756 1
125.832 3
125.832 2
125.832 4
125.832 1
125.908 3
125.908 2
125.908 4
125.908 1
125.984 4
125.984 1
125.984 3
125.984 2
126.059 3
126.135 2
126.135 1
126.135 4
126.211 1
126.211 3
126.287 2
126.287 4
126.362 1
126.362 3
126.438 2
126.438 4
126.438 3
126.438 1
126.514 2
126.514 1
126.59 4
126.59 3
126.665 2
126.665 1
126.741 4
126.741 3
126.741 1
126.817 4
126.893 3
126.893 2
126.893 1
126.968 1
127.044 3
127.044 2
127.044 4
127.044 1
127.12 3
127.196 4
127.196 2
127.196 1
127.271 2
127.347 4
127.347 3
127.347 1
127.423 2
127.423 1
127.499 4
127.499 3
127.574 2
127.574 1
127.574 4
127.65 2
127.65 4
127.65 3
127.65 1
127.726 3
127.802 4
127.802 2
127.802 1
127.878 1
127.953 3
127.953 2
127.953 4
128.029 4
128.029 3
128.105 1
128.105 2
128.181 2
128.181 3
128.256 3
128.256 1
128.256 2
128.256 4
128.332 1
128.408 4
128.408 3
128.408 2
128.484 3
128.559 2
128.559 4
128.559 1
128.635 3
128.635 2
128.711 4
128.711 3
128.787 2
128.787 1
128.862 2
128.862 4
128.862 3
128.862 1
128.938 2
129.014 3
129.014 4
129.014 1
129.09 3
129.165 2
129.165 1
129.165 4
129.241 1
129.317 2
129.317 3
129.317 4
129.393 4
129.468 3
129.468 1
129.468 2
129.468 4
129.544 2
129.62 4
129.62 3
129.62 1
129.696 3
129.771 4
129.771 1
129.771 3
129.771 2
129.847 2
129.923 3
129.923 2
129.923 4
129.923 1
129.999 3
130.074 4
130.074 1
130.074 3
130.074 2
130.15 1
130.226 3
130.226 2
130.226 4
130.226 1
130.302 4
130.378 4
130.378 1
130.378 3
130.378 2
130.453 2
130.529 3
130.529 2
130.529 4
130.529 1
130.605 3
130.681 4
130.681 1
130.681 3
130.681 2
130.756 2
130.756 1
130.832 2
130.832 1
130.908 2
130.908 1
130.984 1
130.984 2
131.413 3
131.59 1
131.994 2
132.196 4
132.6 2
132.783 3
132.953 1
133.218 4
133.389 2
133.787 2
133.976 4
134.393 1
134.582 3
134.999 3
135.188 1
135.378 4
135.605 1
135.605 3
135.775 1
135.775 2
136.211 3
136.211 4
136.381 4
136.381 1
136.817 2
136.817 3
137.044 4
137.044 1
137.423 2
137.423 4
137.593 3
137.593 4
137.777 1
137.777 2
138.029 1
138.029 4
138.2 2
138.2 3
138.635 2
138.635 4
138.806 3
138.806 4
139.241 1
139.241 3
139.412 2
139.412 3
139.696 1
139.696 2
139.847 3
139.847 4
140.277 2
140.277 1
140.327 4
140.327 3
140.378 2
140.378 1
140.428 3
140.428 4
140.479 2
140.479 1
140.529 3
140.529 4
140.58 2
140.58 1
140.681 3
140.681 4
140.681 2
140.681 1
140.756 2
140.756 1
140.832 3
140.832 2
140.832 4
140.908 4
140.908 1
140.984 2
140.984 1
140.984 3
140.984 4
141.059 3
141.059 2
141.135 4
141.135 3
141.135 1
141.211 2
141.211 1
141.287 3
141.287 4
141.287 2
141.287 1
141.362 4
141.362 3
141.438 4
141.438 1
141.438 2
141.514 4
141.514 3
141.59 2
141.59 1
141.59 3
141.59 4
141.665 1
141.665 2
141.741 1
141.741 4
141.741 3
141.817 1
141.817 2
141.893 3
141.893 4
141.893 2
141.893 1
141.968 3
141.968 4
142.044 3
142.044 2
142.044 1
142.12 3
142.12 4
142.196 2
142.196 1
142.196 3
142.196 4
142.271 2
142.271 1
142.347 1
142.347 3
142.347 4
142.423 2
142.423 3
142.499 3
142.499 4
142.499 2
142.499 1
142.574 4
142.574 1
142.65 1
142.65 2
142.65 3
142.726 4
142.726 3
142.802 2
142.802 1
142.802 3
142.802 4
142.878 2
142.878 1
142.953 4
142.953 3
142.953 1
143.029 4
143.029 3
143.105 3
143.105 4
143.105 2
143.105 1
143.181 2
143.181 1
143.256 2
143.256 3
143.256 4
143.332 2
143.332 1
143.408 2
143.408 1
143.408 3
143.408 4
143.484 3
143.484 4
143.559 4
143.559 2
143.559 1
143.635 3
143.635 2
143.711 3
143.711 4
143.711 2
143.711 1
143.787 4
143.787 3
143.862 4
143.862 2
143.862 1
143.938 4
143.938 3
144.014 2
144.014 1
144.014 3
144.014 4
144.09 2
144.09 1
144.165 2
144.165 3
144.165 4
144.241 2
144.241 1
144.317 3
144.317 4
144.317 2
144.317 1
144.393 4
144.393 3
144.468 2
144.468 1
144.468 4
144.468 3
144.544 2
144.544 1
144.62 3
144.62 4
144.62 2
144.62 1
144.696 3
144.696 4
144.771 4
144.771 2
144.771 1
144.847 3
144.847 1
144.923 2
144.923 1
144.923 3
144.923 4
144.999 2
144.999 4
145.074 4
145.074 3
145.074 1
145.15 2
145.15 1
145.226 3
145.226 4
145.226 2
145.226 1
145.302 4
145.302 3
145.302 2
145.302 1
145.378 4
145.378 3
145.378 2
145.378 1
145.453 4
145.453 3
145.529 2
145.529 1
145.529 3
145.529 4
145.605 1
145.605 2
145.681 1
145.681 4
145.681 3
145.756 1
145.756 2
145.832 3
145.832 4
145.832 2
145.832 1
145.908 4
145.908 3
145.984 4
145.984 2
145.984 1
146.059 2
146.059 3
146.135 2
146.135 1
146.135 3
146.135 4
146.211 4
146.211 3
146.287 4
146.287 2
146.287 1
146.362 4
146.362 3
146.438 3
146.438 4
146.438 2
146.438 1
146.514 2
146.514 1
146.59 2
146.59 3
146.59 4
146.665 2
146.665 1
146.741 2
146.741 1
146.741 3
146.741 4
146.817 3
146.817 4
146.893 3
146.893 2
146.893 1
146.968 3
146.968 4
147.044 3
147.044 4
147.044 2
147.044 1
147.12 2
147.12 1
147.196 1
147.196 3
147.196 4
147.271 2
147.271 4
147.347 2
147.347 1
147.347 3
147.347 4
147.423 1
147.423 3
147.499 2
147.499 1
147.499 4
147.574 3
147.574 2
147.65 3
147.65 4
147.65 2
147.65 1
147.726 4
147.726 3
147.802 1
147.802 4
147.802 2
147.878 2
147.878 3
147.953 2
147.953 1
147.953 3
147.953 4
148.029 4
148.029 3
148.105 4
148.105 2
148.105 1
148.181 4
148.181 3
148.256 3
148.256 4
148.256 2
148.256 1
148.332 2
148.332 1
148.408 4
148.408 3
148.408 1
148.484 2
148.484 3
148.559 2
148.559 1
148.559 3
148.559 4
148.635 1
148.635 2
148.711 1
148.711 3
148.711 4
148.787 1
148.787 2
148.862 3
148.862 4
148.862 2
148.862 1
148.938 3
148.938 4
149.014 3
149.014 1
149.014 2
149.09 3
149.09 4
149.165 2
149.165 1
149.165 3
149.165 4
149.241 2
149.241 1
149.317 2
149.317 3
149.317 4
149.393 2
149.393 1
149.468 3
149.468 4
149.468 2
149.468 1
149.544 3
149.544 4
149.62 4
149.62 2
149.62 1
149.696 3
149.696 2
149.771 2
149.771 1
149.771 3
149.771 4
149.847 4
149.847 3
149.923 2
149.923 1
149.923 3
149.923 4
149.999 2
149.999 1
150.074 3
150.074 4
150.074 2
150.074 1
150.15 4
150.15 1
150.226 3
150.226 4
150.226 2
150.226 1
150.302 3
150.302 2
150.378 2
150.378 1
150.378 3
150.378 4
150.453 4
150.453 1
150.529 3
150.529 2
150.529 1
150.605 4
150.605 3
150.605 2
150.681 3
150.681 4
150.681 2
150.681 1
150.756 2
150.756 1
150.832 1
150.832 3
150.832 4
150.908 2
150.908 3
150.984 2
150.984 1
150.984 3
150.984 4
151.059 1
151.059 2
151.135 1
151.135 4
151.135 3
151.211 1
151.211 3
151.211 2
151.287 3
151.287 4
151.287 2
151.287 1
151.362 4
151.362 3
151.438 4
151.438 2
151.438 1
151.514 4
151.514 3
151.59 2
151.59 1
151.59 3
151.59 4
151.665 2
151.665 1
151.741 2
151.741 3
151.741 4
151.817 2
151.817 1
151.817 3
151.893 3
151.893 4
151.893 2
151.893 1
151.968 1
151.968 4
152.044 2
152.044 3
152.044 4
152.12 2
152.12 1
152.196 2
152.196 1
152.196 3
152.196 4
152.271 3
152.271 4
152.347 4
152.347 2
152.347 1
152.423 3
152.423 2
152.423 1
152.499 3
152.499 4
152.499 2
152.499 1
152.574 4
152.574 1
152.65 2
152.65 3
152.65 4
152.726 2
152.726 1
152.802 2
152.802 1
152.802 3
152.802 4
152.878 4
152.878 3
152.953 4
152.953 2
152.953 1
153.029 4
153.029 3
153.029 1
153.105 3
153.105 4
153.105 2
153.105 1
153.181 2
153.181 3
153.256 2
153.256 1
153.256 4
153.332 3
153.332 4
153.408 2
153.408 1
153.408 3
153.408 4
153.484 1
153.484 2
153.559 1
153.559 4
153.559 3
153.635 1
153.635 3
153.635 2
153.711 3
153.711 4
153.711 2
153.711 1
153.787 4
153.787 3
153.862 4
153.862 2
153.862 1
153.938 4
153.938 3
154.014 2
154.014 1
154.014 3
154.014 4
154.09 2
154.09 1
154.165 3
154.165 4
154.165 2
154.165 1
154.241 4
154.241 3
154.317 2
154.317 1
154.317 3
154.317 4
154.393 2
154.393 1
154.468 3
154.468 4
154.468 1
154.544 2
154.544 3
154.62 3
154.62 4
154.62 2
154.62 1
154.696 1
154.696 2
154.771 1
154.771 4
154.771 3
154.847 3
154.847 2
154.847 4
154.923 2
154.923 1
154.923 3
154.923 4
154.999 4
154.999 3
154.999 2
154.999 1
155.074 4
155.074 3
155.074 2
155.074 1
155.15 3
155.15 4
155.226 3
155.226 2
155.226 1
155.226 4
155.302 2
155.302 1
155.378 2
155.378 3
155.378 4
155.453 2
155.453 1
155.453 3
155.529 2
155.529 1
155.529 3
155.529 4
155.605 4
155.605 1
155.681 2
155.681 3
155.681 4
155.756 3
155.756 1
155.832 3
155.832 4
155.832 2
155.832 1
155.908 2
155.908 1
155.984 2
155.984 3
155.984 4
156.059 2
156.059 1
156.059 4
156.135 2
156.135 1
156.135 3
156.135 4
156.211 3
156.211 4
156.287 3
156.287 2
156.287 1
156.362 3
156.362 4
156.438 3
156.438 4
156.438 2
156.438 1
156.514 1
156.514 2
156.59 1
156.59 4
156.59 3
156.665 1
156.665 2
156.665 4
156.741 2
156.741 1
156.741 3
156.741 4
156.817 3
156.817 2
156.893 4
156.893 3
156.893 1
156.968 2
156.968 1
157.044 3
157.044 4
157.044 2
157.044 1
157.12 3
157.12 4
157.196 4
157.196 2
157.196 1
157.271 3
157.271 2
157.271 1
157.347 2
157.347 1
157.347 3
157.347 4
157.423 4
157.423 1
157.499 2
157.499 3
157.499 4
157.574 2
157.574 1
157.65 3
157.65 4
157.65 2
157.65 1
157.726 3
157.726 4
157.802 3
157.802 2
157.802 1
157.878 3
157.878 4
157.878 2
157.953 2
157.953 1
157.953 3
157.953 4
158.029 4
158.029 1
158.105 3
158.105 2
158.105 4
158.181 2
158.181 1
158.256 3
158.256 4
158.256 2
158.256 1
158.332 4
158.332 3
158.408 4
158.408 2
158.408 1
158.484 4
158.484 3
158.484 1
158.559 2
158.559 1
158.559 3
158.559 4
158.635 2
158.635 1
158.711 2
158.711 3
158.711 4
158.787 2
158.787 1
158.862 3
158.862 4
158.862 1
158.862 2
158.938 3
158.938 4
159.014 3
159.014 2
159.014 1
159.09 3
159.09 4
159.165 2
159.165 1
159.165 3
159.165 4
159.241 2
159.241 1
159.317 3
159.317 4
159.317 2
159.317 1
159.393 4
159.393 3
159.468 2
159.468 1
159.468 3
159.468 4
159.544 2
159.544 1
159.62 4
159.62 3
159.62 1
159.696 2
159.696 3
159.771 3
159.771 4
159.771 2
159.771 1
159.847 4
159.847 1
159.923 2
159.923 1
159.923 3
159.999 3
159.999 4
160.074 2
160.074 1
160.074 3
160.074 4
160.226 2
160.226 1
160.378 3
160.378 4
160.378 1
160.378 2
160.529 3
160.529 4
160.681 1
160.681 2
160.681 3
160.681 4
160.832 2
160.832 1
160.832 4
160.984 3
160.984 4
160.984 1
160.984 2
161.135 3
161.135 2
161.135 1
161.287 1
161.287 2
161.287 3
161.287 4
161.438 4
161.438 3
161.438 1
161.59 3
161.59 4
161.59 1
161.59 2
161.741 4
161.741 3
161.741 2
161.893 1
161.893 2
161.893 3
161.893 4
162.044 3
162.044 1
162.044 2
162.196 3
162.196 4
162.196 1
162.196 2
162.347 4
162.347 3
162.499 1
162.499 2
162.499 3
162.499 4
162.65 2
162.65 1
162.65 4
162.802 3
162.802 4
162.802 1
162.802 2
162.953 3
162.953 2
163.105 1
163.105 2
163.105 3
163.105 4
163.256 4
163.256 3
163.256 1
163.408 3
163.408 4
163.408 1
163.408 2
163.559 1
163.559 2
163.559 4
163.711 1
163.711 2
163.711 3
163.711 4
163.862 3
163.862 4
163.862 1
163.862 2
164.014 1
164.014 2
164.014 3
164.014 4
164.165 4
164.165 3
164.165 2
164.317 3
164.317 4
164.317 1
164.317 2
164.468 3
164.468 2
164.468 1
164.62 3
164.62 4
164.62 1
164.62 2
164.696 1
164.696 2
164.696 3
164.696 4
164.771 3
164.771 4
164.771 1
164.771 2
164.923 1
164.923 2
164.923 3
164.923 4
165.074 4
165.074 3
165.074 1
165.226 3
165.226 4
165.226 1
165.226 2
165.378 3
165.378 2
165.529 1
165.529 2
165.529 3
165.529 4
165.681 2
165.681 1
165.681 4
165.832 3
165.832 4
165.832 1
165.832 2
165.984 3
165.984 4
166.135 1
166.135 2
166.135 3
166.135 4
166.287 2
166.287 1
166.438 3
166.438 4
166.438 1
166.438 2
166.59 4
166.59 3
166.59 2
166.741 1
166.741 2
166.741 3
166.741 4
166.893 3
166.893 2
166.893 1
167.044 3
167.044 4
167.044 1
167.044 2
167.196 4
167.196 3
167.347 1
167.347 2
167.347 3
167.347 4
167.499 2
167.499 1
167.499 4
167.65 3
167.65 4
167.65 1
167.65 2
167.802 3
167.802 2
167.953 1
167.953 2
167.953 3
167.953 4
168.105 4
168.105 3
168.105 1
168.256 3
168.256 4
168.256 1
168.256 2
168.408 2
168.408 1
168.559 1
168.559 2
168.559 3
168.559 4
168.711 4
168.711 3
168.862 3
168.862 4
168.862 1
168.862 2
169.014 2
169.014 1
169.014 4
169.165 1
169.165 2
169.165 3
169.165 4
169.317 3
169.317 2
169.317 1
169.468 1
169.468 2
169.468 3
169.468 4
169.62 1
169.62 4
169.62 3