0.097 1
0.097 2
0.097 3
0.245 3
0.394 3
0.542 3
0.542 2
0.542 4
0.691 4
0.839 4
0.988 4
0.988 3
0.988 1
0.988 2
1.879 1
1.879 2
1.879 3
2.027 3
2.176 3
2.324 3
2.324 2
2.324 1
2.473 1
2.621 1
2.77 2
2.77 3
2.77 1
2.77 4
3.661 3
3.661 2
3.661 1
3.809 1
3.958 1
4.106 1
4.106 2
4.106 3
4.255 3
4.403 3
4.552 3
4.552 2
4.552 1
4.552 4
5.146 3
5.146 4
5.146 2
5.295 4
5.443 4
5.592 4
5.592 3
5.592 2
5.74 2
5.889 2
6.037 2
6.037 1
6.037 3
6.037 4
6.334 2
6.334 3
6.334 4
6.631 1
6.631 2
6.631 3
6.928 2
6.928 3
6.928 4
7.077 4
7.225 4
7.374 4
7.374 3
7.374 2
7.522 2
7.671 2
7.819 2
7.819 1
7.819 3
7.819 4
8.71 1
8.71 2
8.71 3
8.859 3
9.007 3
9.156 3
9.156 2
9.156 1
9.304 1
9.453 1
9.601 1
9.601 2
9.601 3
9.601 4
10.493 4
10.493 3
10.493 2
10.641 2
10.79 2
10.938 2
10.938 3
10.938 4
11.087 4
11.235 4
11.384 4
11.384 3
11.384 2
11.384 1
11.978 1
11.978 2
11.978 3
12.126 1
12.275 1
12.423 1
12.423 2
12.423 3
12.572 3
12.72 3
12.869 3
12.869 2
12.869 4
12.869 1
13.166 1
13.166 2
13.166 3
13.314 2
13.314 3
13.314 4
13.463 1
13.463 2
13.463 3
13.463 4
13.76 1
13.76 2
13.76 3
13.908 3
14.057 3
14.205 3
14.205 2
14.205 1
14.205 4
14.354 3
14.502 3
14.651 3
14.651 2
14.651 1
14.651 4
15.542 3
15.542 2
15.542 1
15.691 1
15.839 1
15.988 1
15.988 2
15.988 3
16.136 3
16.285 3
16.433 3
16.433 2
16.433 4
16.433 1
16.73 2
16.73 3
16.73 4
17.027 4
17.027 3
17.027 1
17.324 2
17.324 3
17.324 1
17.473 1
17.621 1
17.77 1
17.77 2
17.77 3
17.77 4
17.918 3
18.067 3
18.215 3
18.215 2
18.215 1
18.215 4
18.809 3
18.809 2
18.809 1
18.809 4
18.958 1
19.106 1
19.255 1
19.255 2
19.255 3
19.255 4
19.403 3
19.552 3
19.7 3
19.7 2
19.7 1
19.7 4
19.997 1
19.997 2
19.997 3
19.997 4
20.295 1
20.295 2
20.295 3
20.295 4
20.592 1
20.592 2
20.592 3
20.592 4
20.74 4
20.889 4
21.037 4
21.037 3
21.037 2
21.037 1
21.186 2
21.334 2
21.483 2
21.483 1
21.483 3
21.483 4
22.374 1
22.374 2
22.374 3
22.374 4
22.522 3
22.671 3
22.819 3
22.819 2
22.819 1
22.819 4
22.968 1
23.116 1
23.265 3
23.265 2
23.265 1
23.265 4
23.562 1
23.562 3
23.562 4
23.562 2
23.859 1
23.859 4
23.859 3
24.156 2
24.156 1
24.156 4
24.304 4
24.453 4
24.601 4
24.601 3
24.601 2
24.75 2
24.898 2
25.047 2
25.047 1
25.047 3
25.047 4
25.641 1
25.641 2
25.641 3
25.641 4
25.79 4
25.938 4
26.087 4
26.087 3
26.087 2
26.235 2
26.384 2
26.532 2
26.532 1
26.532 3
26.532 4
26.829 1
26.829 2
26.829 3
26.829 4
27.126 4
27.126 3
27.126 2
27.126 1
27.423 1
27.423 2
27.423 3
27.72 3
27.72 4
27.869 2
27.869 3
28.017 2
28.017 1
28.166 3
28.166 2
28.314 3
28.314 1
28.314 4
29.205 1
29.205 2
29.205 3
29.354 1
29.502 1
29.651 2
29.651 1
29.651 3
29.651 4
29.799 4
29.948 4
30.096 4
30.096 3
30.096 2
30.096 1
30.394 3
30.394 2
30.542 4
30.542 3
30.691 2
30.691 4
30.691 1
30.988 2
30.988 3
30.988 4
31.136 4
31.285 4
31.433 4
31.433 3
31.433 2
31.582 2
31.582 1
31.582 3
31.73 2
31.879 3
31.879 4
31.879 1
32.473 3
32.473 2
32.473 4
32.473 1
32.621 4
32.77 4
32.918 4
32.918 3
32.918 2
33.067 1
33.067 2
33.215 1
33.215 3
33.364 1
33.364 4
33.364 2
33.661 2
33.661 1
33.661 3
33.661 4
33.958 4
33.958 2
33.958 3
33.958 1
34.255 1
34.255 2
34.255 3
34.255 4
34.552 4
34.552 3
34.552 1
34.7 3
34.7 2
34.849 1
34.849 3
34.997 2
35.146 3
35.146 4
36.037 2
36.037 3
36.037 1
36.186 1
36.334 1
36.483 1
36.483 2
36.483 4
36.483 3
36.631 4
36.78 4
36.928 4
36.928 3
36.928 1
36.928 2
37.077 3
37.225 1
37.225 2
37.225 4
37.374 3
37.522 4
37.522 2
37.522 1
37.819 2
37.819 1
37.819 3
37.968 1
38.116 1
38.116 2
38.265 1
38.265 4
38.265 3
38.413 4
38.562 3
38.71 4
38.71 1
38.71 2
39.304 3
39.304 4
39.304 2
39.453 4
39.601 4
39.75 1
39.75 3
39.75 4
39.898 1
40.047 1
40.196 1
40.196 2
40.196 3
40.344 2
40.344 3
40.344 4
40.493 3
40.493 2
40.493 1
40.641 4
40.641 3
40.641 2
40.641 1
40.864 4
40.901 3
40.938 2
40.975 1
41.087 4
41.087 1
41.087 2
41.087 3
41.235 2
41.235 4
41.235 1
41.384 2
41.384 3
41.384 4
41.532 2
41.532 4
41.532 1
41.681 3
41.681 2
41.681 4
41.829 2
41.829 4
41.829 1
41.978 1
41.978 2
41.978 4
41.978 3
42.423 1
42.423 2
42.423 3
42.423 4
42.869 1
42.869 2
42.869 3
42.869 4
43.017 2
43.017 3
43.166 1
43.166 3
43.166 4
43.314 2
43.314 3
43.314 4
43.463 1
43.463 2
43.463 3
43.611 3
43.611 4
43.611 1
43.76 1
43.76 2
43.76 3
43.76 4
44.205 3
44.205 2
44.205 1
44.205 4
44.651 1
44.651 2
44.651 3
44.651 4
44.799 2
44.799 3
44.799 4
44.948 1
44.948 2
45.097 2
45.097 3
45.097 4
45.245 1
45.245 2
45.245 3
45.394 2
45.394 4
45.394 1
45.542 4
45.542 3
45.542 2
45.542 1
45.988 1
45.988 2
45.988 3
45.988 4
46.136 1
46.136 2
46.136 4
46.285 1
46.285 3
46.285 4
46.433 2
46.433 1
46.433 4
46.582 2
46.582 1
46.582 3
46.73 2
46.73 4
46.879 1
46.879 2
46.879 3
46.879 4
47.176 2
47.176 3
47.176 4
47.324 1
47.324 2
47.324 3
47.324 4
47.77 1
47.77 3
47.77 2
47.77 4
47.918 2
47.918 4
47.918 1
48.067 3
48.067 1
48.067 4
48.215 2
48.215 4
48.215 3
48.364 2
48.364 4
48.364 1
48.512 4
48.512 1
48.512 3
48.661 1
48.661 2
48.661 4
48.661 3
49.106 1
49.106 2
49.106 4
49.106 3
49.552 1
49.552 2
49.552 4
49.552 3
49.7 3
49.7 1
49.7 4
49.849 3
49.849 2
49.849 1
49.997 3
49.997 1
49.997 4
50.146 3
50.146 2
50.146 4
50.295 3
50.295 1
50.295 2
50.443 3
50.443 2
50.443 1
50.443 4
50.889 1
50.889 2
50.889 4
50.889 3
51.334 1
51.334 3
51.334 2
51.334 4
51.483 2
51.483 1
51.483 4
51.631 2
51.631 3
51.631 4
51.78 2
51.78 3
51.928 2
51.928 1
51.928 4
52.077 2
52.077 3
52.077 4
52.225 2
52.225 1
52.225 3
52.374 2
52.374 1
52.374 3
52.374 4
52.671 1
52.671 3
52.671 2
52.671 4
52.819 1
52.819 2
52.819 3
52.968 1
52.968 3
52.968 4
53.116 1
53.116 2
53.116 4
53.265 1
53.265 3
53.265 4
53.413 1
53.413 2
53.413 3
53.562 1
53.562 2
53.562 3
53.562 4
53.859 1
53.859 2
53.859 3
53.859 4
54.007 4
54.007 3
54.007 2
54.007 1
54.453 1
54.453 2
54.601 2
54.601 3
54.75 3
54.75 4
54.898 4
54.898 2
54.898 1
55.047 4
55.047 3
55.196 3
55.196 4
55.344 3
55.344 4
55.344 2
55.79 2
55.79 3
55.79 4
56.235 3
56.235 4
56.384 3
56.384 4
56.532 3
56.532 4
56.681 3
56.681 4
56.681 2
57.126 2
57.126 3
57.126 4
57.275 4
57.423 4
57.572 1
57.572 3
57.572 2
57.572 4
57.72 1
57.869 1
58.017 1
58.017 2
58.017 3
58.017 4
58.166 3
58.166 4
58.314 3
58.314 4
58.463 3
58.463 4
58.611 3
58.611 4
58.76 3
58.76 4
58.908 3
58.908 4
58.908 2
58.908 1
59.354 3
59.354 4
59.354 1
59.354 2
59.502 3
59.502 4
59.651 3
59.651 4
59.799 3
59.799 4
59.948 3
59.948 4
60.097 3
60.097 4
60.245 3
60.245 4
60.245 2
60.245 1
60.394 2
60.394 1
60.542 2
60.542 1
60.691 2
60.691 3
60.691 4
60.691 1
60.839 4
60.839 3
60.988 4
60.988 3
61.087 1
61.087 2
61.186 2
61.186 3
61.285 3
61.285 4
61.384 3
61.384 2
61.483 2
61.582 1
61.582 2
61.681 2
61.681 3
61.78 3
61.78 4
61.879 3
61.879 2
61.978 1
61.978 2
62.077 2
62.077 3
62.176 3
62.176 4
62.275 3
62.275 2
62.374 2
62.374 1
62.473 2
62.473 3
62.572 3
62.572 4
62.671 3
62.671 2
62.77 2
62.77 1
62.869 2
62.869 3
62.968 3
62.968 4
63.067 3
63.067 2
63.166 2
63.166 1
63.265 2
63.265 3
63.364 3
63.364 4
63.463 3
63.463 2
63.562 1
63.562 2
63.661 2
63.661 3
63.809 1
63.809 2
63.809 3
63.809 4
64.255 1
64.255 2
64.255 4
64.255 3
64.552 2
64.552 1
64.651 2
64.651 3
64.75 3
64.75 4
64.849 3
64.849 2
64.948 2
64.948 1
65.047 2
65.047 3
65.146 3
65.146 4
65.245 3
65.245 2
65.344 2
65.344 1
65.443 2
65.443 3
65.542 3
65.542 4
65.641 3
65.641 2
65.74 2
65.74 1
65.839 2
65.839 3
65.938 3
65.938 4
66.037 2
66.037 1
66.186 1
66.186 2
66.334 2
66.334 1
66.483 1
66.483 2
66.631 1
66.631 2
66.78 1
66.78 2
66.928 1
66.928 2
66.928 3
66.928 4
67.225 2
67.225 3
67.225 4
67.522 1
67.522 2
67.522 3
67.819 1
67.819 3
67.819 4
67.918 2
68.017 3
68.116 4
68.215 3
68.314 2
68.413 1
68.413 3
68.413 4
68.512 2
68.611 3
68.71 1
68.809 2
68.908 3
69.007 2
69.007 1
69.106 4
69.205 3
69.304 2
69.403 3
69.502 4
69.601 2
69.601 1
69.601 3
69.7 4
69.799 2
69.898 3
69.997 4
70.097 2
70.196 3
70.196 4
70.295 1
70.394 2
70.493 3
70.592 4
70.691 3
70.79 1
70.79 2
70.79 4
70.889 3
70.988 2
71.087 3
71.186 4
71.285 2
71.384 3
71.384 4
71.483 1
71.582 3
71.681 2
71.78 4
71.879 3
71.978 1
71.978 4
71.978 2
72.077 3
72.176 4
72.275 2
72.275 1
72.374 3
72.473 4
72.572 2
72.572 1
72.671 3
72.77 4
72.869 3
72.968 2
73.067 3
73.166 1
73.166 2
73.166 4
73.265 3
73.364 4
73.463 2
73.562 3
73.661 1
73.76 3
73.76 4
73.859 2
73.958 1
74.057 3
74.156 2
74.255 3
74.354 2
74.354 1
74.354 4
74.453 3
74.552 2
74.651 1
74.75 2
74.849 3
74.948 2
74.948 1
75.047 4
75.146 3
75.245 1
75.344 2
75.443 3
75.542 2
75.542 4
75.542 1
75.641 3
75.74 1
75.839 2
75.938 3
76.037 4
76.136 1
76.136 2
76.235 3
76.334 2
76.433 3
76.532 2
76.532 1
76.631 4
76.73 2
76.73 3
76.73 1
77.027 1
77.027 2
77.027 3
77.324 1
77.324 3
77.324 2
77.398 4
77.473 3
77.547 2
77.621 1
77.696 3
77.77 4
77.844 2
77.918 3
77.918 4
77.918 1
77.993 2
78.067 3
78.141 4
78.215 2
78.29 1
78.364 2
78.438 3
78.512 1
78.512 2
78.587 4
78.661 2
78.735 3
78.809 1
78.884 2
78.958 4
79.032 3
79.106 2
79.106 1
79.181 4
79.255 2
79.329 1
79.403 3
79.478 2
79.552 4
79.626 3
79.7 1
79.7 2
79.775 3
79.849 4
79.923 3
79.997 2
80.072 1
80.146 2
80.22 3
80.295 2
80.295 1
80.295 4
80.369 3
80.443 2
80.517 4
80.592 3
80.666 2
80.74 1
80.814 3
80.889 1
80.889 2
80.963 4
81.037 3
81.111 4
81.186 1
81.186 2
81.26 3
81.334 4
81.408 1
81.483 2
81.483 3
81.483 4
81.557 1
81.631 4
81.705 3
81.78 2
81.854 1
81.928 3
82.002 4
82.077 1
82.077 2
82.151 3
82.225 4
82.299 1
82.374 2
82.448 3
82.522 4
82.597 3
82.671 4
82.671 2
82.671 1
82.745 3
82.819 4
82.894 3
82.968 2
82.968 1
83.042 3
83.116 4
83.191 3
83.265 2
83.265 1
83.339 4
83.413 3
83.488 2
83.562 1
83.636 2
83.71 3
83.785 4
83.859 2
83.859 1
83.859 3
83.933 4
84.007 3
84.082 1
84.156 2
84.23 3
84.304 4
84.379 3
84.453 2
84.453 1
84.527 3
84.601 2
84.676 1
84.75 2
84.824 3
84.898 1
84.973 3
85.047 1
85.047 2
85.047 4
85.121 3
85.196 4
85.27 3
85.344 2
85.344 1
85.418 4
85.493 3
85.567 2
85.641 1
85.641 4
85.641 3
85.715 2
85.79 1
85.864 3
85.864 4
85.938 2
86.012 3
86.087 2
86.161 1
86.235 2
86.235 4
86.235 3
86.309 1
86.384 2
86.458 1
86.532 3
86.532 4
86.606 2
86.681 3
86.755 4
86.829 1
86.829 2
86.903 3
86.978 2
87.052 1
87.126 2
87.2 3
87.275 2
87.349 3
87.423 1
87.423 4
87.423 2
87.497 3
87.572 2
87.646 1
87.72 2
87.795 3
87.869 4
87.943 2
88.017 1
88.017 3
88.017 4
88.092 2
88.166 4
88.24 3
88.314 2
88.389 1
88.463 3
88.537 2
88.611 1
88.611 3
88.611 4
88.686 2
88.76 3
88.834 4
88.908 1
88.983 3
89.057 2
89.131 4
89.205 1
89.205 2
89.28 3
89.354 2
89.428 1
89.502 2
89.577 3
89.651 1
89.725 2
89.799 1
89.799 3
89.799 4
89.874 2
89.948 1
90.022 4
90.097 3
90.171 2
90.245 1
90.319 3
90.394 1
90.394 2
90.468 4
90.542 3
90.616 4
90.691 1
90.691 2
90.765 3
90.839 2
90.913 1
90.988 3
90.988 4
90.988 2
91.062 1
91.136 3
91.21 4
91.285 1
91.285 2
91.285 3
91.359 4
91.433 3
91.507 2
91.582 3
91.582 4
91.582 1
91.656 2
91.73 1
91.804 3
91.879 2
91.953 1
92.027 2
92.101 3
92.176 1
92.176 4
92.176 2
92.25 3
92.324 2
92.398 3
92.473 4
92.547 3
92.621 2
92.696 1
92.77 2
92.77 3
92.77 4
92.844 1
92.918 2
92.993 3
93.067 2
93.141 3
93.215 4
93.29 3
93.364 1
93.364 4
93.364 2
93.438 3
93.512 2
93.587 1
93.661 3
93.661 4
93.735 2
93.809 3
93.884 4
93.958 1
93.958 2
94.032 3
94.106 2
94.106 1
94.181 4
94.255 1
94.255 2
94.255 3
94.329 4
94.403 3
94.478 2
94.552 4
94.552 3
94.552 1
94.849 2
94.849 3
94.849 4
94.997 3
94.997 4
95.146 1
95.146 2
95.146 3
95.443 2
95.443 3
95.443 1
95.74 3
95.74 4
95.889 3
95.889 4
96.037 3
96.037 4
96.037 2
96.037 1
96.334 1
96.334 2
96.334 3
96.334 4
96.483 1
96.483 2
96.483 3
96.483 4
96.631 1
96.631 2
96.631 3
96.681 4
96.73 3
96.78 2
96.829 1
96.928 2
96.928 3
96.928 4
96.978 1
97.027 2
97.077 3
97.225 1
97.225 2
97.225 3
97.225 4
97.374 2
97.374 1
97.374 3
97.374 4
97.522 1
97.522 2
97.522 4
97.572 3
97.621 4
97.671 3
97.72 2
97.77 1
97.819 4
97.819 3
97.819 2
97.869 1
97.918 4
97.968 2
98.017 3
98.067 4
98.116 1
98.116 2
98.116 3
98.166 4
98.215 1
98.265 2
98.314 3
98.364 4
98.413 1
98.413 2
98.413 3
98.71 1
98.71 2
98.71 4
98.71 3
98.859 1
98.859 2
98.859 3
98.859 4
99.007 1
99.007 2
99.007 3
99.057 4
99.106 3
99.156 1
99.205 2
99.255 4
99.304 2
99.304 1
99.304 3
99.354 4
99.403 3
99.453 2
99.601 1
99.601 2
99.601 3
99.601 4
99.75 3
99.75 4
99.75 1
99.75 2
99.898 3
99.898 4
99.898 2
99.948 1
99.997 3
100.047 2
100.097 4
100.146 1
100.196 2
100.196 3
100.196 4
100.245 1
100.295 3
100.344 4
100.394 2
100.443 3
100.493 1
100.493 4
100.493 2
100.542 3
100.592 1
100.641 2
100.691 4
100.74 3
100.79 1
100.79 2
100.79 4
101.087 1
101.087 2
101.087 3
101.087 4
101.235 1
101.235 2
101.235 3
101.235 4
101.384 2
101.384 3
101.384 4
101.433 1
101.483 2
101.532 4
101.582 3
101.631 4
101.681 2
101.681 1
101.681 3
101.73 4
101.78 3
101.829 2
101.879 1
101.978 4
101.978 3
101.978 1
101.978 2
102.126 3
102.126 1
102.126 2
102.126 4
102.275 4
102.275 3
102.275 2
102.324 1
102.374 4
102.423 3
102.473 2
102.522 3
102.572 2
102.572 4
102.572 1
102.671 3
102.72 1
102.77 2
102.819 3
102.869 4
102.869 2
102.869 1
102.918 3
102.968 4
103.017 1
103.067 3
103.116 2
103.166 1
103.166 4
103.166 3
103.463 3
103.463 4
103.463 1
103.463 2
103.611 3
103.611 4
103.611 2
103.611 1
103.76 2
103.76 4
103.76 3
103.809 1
103.859 2
103.908 3
103.958 1
104.007 4
104.057 1
104.057 2
104.057 3
104.106 4
104.156 3
104.205 2
104.255 4
104.304 3
104.354 2
104.403 1
104.453 3
104.502 4
104.552 3
104.601 2
104.651 4
104.651 3
104.651 1
104.7 2
104.75 3
104.799 2
104.849 1
104.898 4
104.948 2
104.948 3
104.948 1
104.997 4
105.047 3
105.097 2
105.146 1
105.196 3
105.245 4
105.245 2
105.245 1
105.295 3
105.344 2
105.394 1
105.443 2
105.493 3
105.542 1
105.542 2
105.542 4
105.839 4
105.839 3
105.839 2
105.839 1
105.988 3
105.988 4
105.988 1
105.988 2
106.136 3
106.136 4
106.136 1
106.186 2
106.235 3
106.285 1
106.334 2
106.384 1
106.433 4
106.433 3
106.433 2
106.483 1
106.532 2
106.582 3
106.73 3
106.73 4
106.73 2
106.73 1
106.879 3
106.879 4
106.879 2
106.879 1
107.027 2
107.027 1
107.027 4
107.077 3
107.126 4
107.176 3
107.225 2
107.275 1
107.324 2
107.324 3
107.324 4
107.374 1
107.423 3
107.473 2
107.522 4
107.572 3
107.621 2
107.621 1
107.621 4
107.671 3
107.72 2
107.77 1
107.819 3
107.869 2
107.918 1
107.918 3
107.918 4
108.215 1
108.215 2
108.215 3
108.215 4
108.364 1
108.364 2
108.364 3
108.364 4
108.512 2
108.512 3
108.512 4
108.562 1
108.611 2
108.661 3
108.71 1
108.76 4
108.809 2
108.809 3
108.809 1
108.859 4
108.908 3
108.958 2
109.106 3
109.106 4
109.106 2
109.106 1
109.255 3
109.255 4
109.255 1
109.255 2
109.403 2
109.403 1
109.403 4
109.453 3
109.502 2
109.552 4
109.601 3
109.651 1
109.7 2
109.7 4
109.7 3
109.75 1
109.799 4
109.849 2
109.898 3
109.948 4
109.997 1
109.997 2
109.997 3
110.097 2
110.146 1
110.196 3
110.245 2
110.295 3
110.295 4
110.295 1
110.592 3
110.592 4
110.592 2
110.592 1
110.74 3
110.74 4
110.74 1
110.74 2
110.889 2
110.889 1
110.889 3
110.938 4
110.988 3
111.037 2
111.087 1
111.136 3
111.186 2
111.186 4
111.186 1
111.235 3
111.285 2
111.334 1
111.483 3
111.483 4
111.483 2
111.483 1
111.631 3
111.631 4
111.631 2
111.631 1
111.78 1
111.78 2
111.78 3
111.829 4
111.879 2
111.928 1
111.978 3
112.027 2
112.077 3
112.077 4
112.077 1
112.126 2
112.176 3
112.225 4
112.275 1
112.324 2
112.374 1
112.374 3
112.374 4
112.423 2
112.473 1
112.522 3
112.572 2
112.621 1
112.671 2
112.671 3
112.671 4
112.968 1
112.968 3
112.968 2
112.968 4
113.116 1
113.116 2
113.116 3
113.116 4
113.265 1
113.265 2
113.265 3
113.314 4
113.364 3
113.413 2
113.463 1
113.512 3
113.562 2
113.562 4
113.562 1
113.611 3
113.661 2
113.71 1
113.76 3
113.809 4
113.859 1
113.859 2
113.859 3
113.908 4
113.958 2
114.007 1
114.057 3
114.106 2
114.156 3
114.156 1
114.156 4
114.205 2
114.255 4
114.304 1
114.354 3
114.403 2
114.453 4
114.453 3
114.453 1
114.502 2
114.552 4
114.601 3
114.651 2
114.7 1
114.75 2
114.75 4
114.75 3
114.799 1
114.849 4
114.898 3
114.948 2
114.997 1
115.047 2
115.047 4
115.047 3
115.344 1
115.344 2
115.418 3
115.493 4
115.567 2
115.641 1
115.715 3
115.79 2
115.864 3
115.938 2
115.938 1
115.938 4
116.012 3
116.087 4
116.161 1
116.235 2
116.309 3
116.384 4
116.458 3
116.532 1
116.532 2
116.606 4
116.681 3
116.755 1
116.829 2
116.903 4
116.978 3
117.052 2
117.126 4
117.126 1
117.126 3
117.2 2
117.275 4
117.349 3
117.423 1
117.497 2
117.572 3
117.646 4
117.72 1
117.72 3
117.72 2
117.795 4
117.869 2
117.943 3
118.017 4
118.092 3
118.166 1
118.24 2
118.314 1
118.314 3
118.314 4
118.389 2
118.463 4
118.537 3
118.611 1
118.686 2
118.76 3
118.834 4
118.908 2
118.908 1
118.983 3
119.057 4
119.131 3
119.205 2
119.205 1
119.28 4
119.354 3
119.428 2
119.502 1
119.502 3
119.502 4
119.577 2
119.651 3
119.725 4
119.799 2
119.874 3
119.948 4
119.948 1
120.022 2
120.096 4
120.096 3
120.171 2
120.245 1
120.319 3
120.394 4
120.468 2
120.542 3
120.616 2
120.691 1
120.691 3
120.691 4
120.765 2
120.839 3
120.913 4
120.988 2
121.062 3
121.136 4
121.21 3
121.285 1
121.285 2
121.359 4
121.433 3
121.507 1
121.582 2
121.656 3
121.73 4
121.804 3
121.879 2
121.879 4
121.879 1
121.953 3
122.027 2
122.101 1
122.176 3
122.25 4
122.324 2
122.398 3
122.473 1
122.473 2
122.547 4
122.621 3
122.696 2
122.77 4
122.844 3
122.918 2
122.993 4
123.067 2
123.067 1
123.067 3
123.141 4
123.215 3
123.29 4
123.364 2
123.364 1
123.438 3
123.512 4
123.587 3
123.661 2
123.661 1
123.735 4
123.809 3
123.884 1
123.958 2
124.032 4
124.106 3
124.181 2
124.255 4
124.255 1
124.255 3
124.329 2
124.403 3
124.478 1
124.552 2
124.626 4
124.7 3
124.775 2
124.849 3
124.849 4
124.923 1
124.997 2
125.072 4
125.146 1
125.22 2
125.295 3
125.369 4
125.443 1
125.443 2
125.443 3
125.517 4
125.592 2
125.666 3
125.74 4
125.814 1
125.889 2
125.963 3
126.037 1
126.037 2
126.111 4
126.186 2
126.26 3
126.334 4
126.408 2
126.483 1
126.557 3
126.631 2
126.631 4
126.631 1
126.705 3
126.78 2
126.854 4
126.928 3
127.002 1
127.077 2
127.151 3
127.225 1
127.225 2
127.299 4
127.374 3
127.448 1
127.522 3
127.596 2
127.671 4
127.745 3
127.819 2
127.819 1
127.819 4
127.894 3
127.968 2
128.042 1
128.116 4
128.191 2
128.265 3
128.339 4
128.413 1
128.413 2
128.488 3
128.562 4
128.636 3
128.71 1
128.71 2
128.785 4
128.859 3
128.933 2
129.007 3
129.007 4
129.007 1
129.082 2
129.156 3
129.23 4
129.304 2
129.304 1
129.379 3
129.453 4
129.527 3
129.601 2
129.601 1
129.676 4
129.75 2
129.824 3
129.898 1
129.973 2
130.047 4
130.121 3
130.196 2
130.196 4
130.196 1
130.27 3
130.344 2
130.418 4
130.493 1
130.567 2
130.641 3
130.715 4
130.79 1
130.79 2
130.864 3
130.938 4
131.012 2
131.087 1
131.161 3
131.235 4
131.309 2
131.384 4
131.384 3
131.384 1
131.458 2
131.532 1
131.606 2
131.681 3
131.681 4
131.755 1
131.829 2
131.903 1
131.978 3
131.978 4
132.126 3
132.126 2
132.275 2
132.275 1
132.275 4
132.572 2
132.572 3
132.572 4
132.572 1
132.869 1
132.869 2
133.017 2
133.017 3
133.166 3
133.166 4
133.166 2
133.166 1
133.463 1
133.463 2
133.463 3
133.463 4
133.76 3
133.76 4
133.908 3
133.908 4
134.057 3
134.057 4
134.057 2
134.057 1
134.354 3
134.354 4
134.354 1
134.354 2
134.502 1
134.502 2
134.502 3
134.502 4
134.651 1
134.651 2
134.651 3
134.7 4
134.75 3
134.799 1
134.849 2
134.898 3
134.948 2
134.948 4
134.948 1
134.997 3
135.047 4
135.097 3
135.146 2
135.245 1
135.245 2
135.245 3
135.245 4
135.394 1
135.394 3
135.394 4
135.394 2
135.542 2
135.542 3
135.542 4
135.592 1
135.641 2
135.691 3
135.74 4
135.79 2
135.839 1
135.839 3
135.839 4
135.889 2
135.938 3
135.988 4
136.037 1
136.087 2
136.136 3
136.136 4
136.136 1
136.186 2
136.235 3
136.285 4
136.334 2
136.384 3
136.433 1
136.433 4
136.433 2
136.73 1
136.73 2
136.73 3
136.73 4
136.879 1
136.879 2
136.879 3
136.879 4
137.027 2
137.027 1
137.027 3
137.077 4
137.126 2
137.176 3
137.225 4
137.275 3
137.324 2
137.324 4
137.324 1
137.374 3
137.423 2
137.473 1
137.621 1
137.621 4
137.621 2
137.621 3
137.77 1
137.77 3
137.77 2
137.77 4
137.918 2
137.918 1
137.918 4
137.968 3
138.017 2
138.067 4
138.116 3
138.166 2
138.215 3
138.215 4
138.215 1
138.265 2
138.314 3
138.364 1
138.413 2
138.463 3
138.512 1
138.512 4
138.512 2
138.562 3
138.611 2
138.661 4
138.71 3
138.76 2
138.809 1
138.809 3
138.809 4
139.106 1
139.106 2
139.106 3
139.106 4
139.255 1
139.255 2
139.255 3
139.255 4
139.403 1
139.403 2
139.403 4
139.453 3
139.502 2
139.552 1
139.601 4
139.651 3
139.7 2
139.7 4
139.7 1
139.75 3
139.799 2
139.849 1
139.997 1
139.997 2
139.997 3
139.997 4
140.146 1
140.146 2
140.146 4
140.146 3
140.295 2
140.295 4
140.295 1
140.344 3
140.394 2
140.443 4
140.493 3
140.542 2
140.592 3
140.592 4
140.592 1
140.641 2
140.691 3
140.74 1
140.79 2
140.839 3
140.889 1
140.889 4
140.889 2
140.938 3
140.988 2
141.037 1
141.087 3
141.136 2
141.186 1
141.186 4
141.186 3
141.483 1
141.483 2
141.483 3
141.483 4
141.631 1
141.631 2
141.631 3
141.631 4
141.78 1
141.78 2
141.78 4
141.829 3
141.879 1
141.928 2
141.978 3
142.027 4
142.077 2
142.077 3
142.077 1
142.126 4
142.176 2
142.225 3
142.275 4
142.324 2
142.374 1
142.374 3
142.423 4
142.473 2
142.522 3
142.572 2
142.621 1
142.671 2
142.671 3
142.671 4
142.72 1
142.77 3
142.819 4
142.869 3
142.918 2
142.968 1
142.968 3
142.968 4
143.017 2
143.067 3
143.116 4
143.166 1
143.215 2
143.265 3
143.265 4
143.265 1
143.314 2
143.364 3
143.413 4
143.463 2
143.512 3
143.562 1
143.562 2
143.562 4
143.859 1
143.859 2
143.859 3
143.859 4
144.007 4
144.007 3
144.007 1
144.007 2
144.156 1
144.156 2
144.156 3
144.205 4
144.255 1
144.304 2
144.354 3
144.403 1
144.453 2
144.453 3
144.453 4
144.502 1
144.552 2
144.601 3
144.75 1
144.75 2
144.75 3
144.75 4
144.898 4
144.898 3
144.898 1
144.898 2
145.047 1
145.047 2
145.047 4
145.097 3
145.146 2
145.196 4
145.245 3
145.295 2
145.344 3
145.344 4
145.344 1
145.394 2
145.443 4
145.493 3
145.542 1
145.592 2
145.641 1
145.641 3
145.641 4
145.691 2
145.74 3
145.79 1
145.839 2
145.889 3
145.938 2
145.938 4
145.938 1
146.235 1
146.235 2
146.235 3
146.235 4
146.384 1
146.384 3
146.384 2
146.384 4
146.532 2
146.532 4
146.532 3
146.582 1
146.631 3
146.681 2
146.73 4
146.78 3
146.829 1
146.829 2
146.829 4
146.879 3
146.928 2
146.978 1
147.126 1
147.126 2
147.126 3
147.126 4
147.275 4
147.275 2
147.275 1
147.275 3
147.423 2
147.423 3
147.423 4
147.473 1
147.522 2
147.572 3
147.621 2
147.671 4
147.72 1
147.72 3
147.72 2
147.77 4
147.819 3
147.869 1
147.918 2
147.968 3
148.017 2
148.017 1
148.017 4
148.067 3
148.116 1
148.166 2
148.215 4
148.265 3
148.314 2
148.314 4
148.314 1
148.611 1
148.611 2
148.611 3
148.611 4
148.76 4
148.76 3
148.76 1
148.76 2
148.908 2
148.908 3
148.908 4
148.958 1
149.007 2
149.057 4
149.106 3
149.156 2
149.205 1
149.205 3
149.205 4
149.255 2
149.304 3
149.354 4
149.502 1
149.502 2
149.502 4
149.502 3
149.651 3
149.651 2
149.651 1
149.651 4
149.799 1
149.799 3
149.799 4
149.849 2
149.898 1
149.948 3
149.997 2
150.047 1
150.097 2
150.097 3
150.097 4
150.146 1
150.196 3
150.245 2
150.295 4
150.344 3
150.394 1
150.394 2
150.394 4
150.443 3
150.493 1
150.542 2
150.592 3
150.641 1
150.691 2
150.691 4
150.691 3
150.988 1
150.988 2
150.988 3
150.988 4
151.136 1
151.136 2
151.136 3
151.136 4
151.285 1
151.285 2
151.285 3
151.334 4
151.384 1
151.433 3
151.483 2
151.532 3
151.582 2
151.582 4
151.582 1
151.631 3
151.681 4
151.73 2
151.78 1
151.829 2
151.879 3
151.879 4
151.879 1
151.928 2
151.978 4
152.027 3
152.077 1
152.126 2
152.176 1
152.176 3
152.176 4
152.225 2
152.275 3
152.324 1
152.374 4
152.423 3
152.473 1
152.473 4
152.473 2
152.522 3
152.572 2
152.621 1
152.671 3
152.72 2
152.77 1
152.77 4
152.77 3
152.819 2
152.869 4
152.918 3
152.968 2
153.017 1
153.067 4
153.067 2
153.067 3
153.116 1
153.166 2
153.215 3
153.265 4
153.364 2
153.364 3
153.364 1
153.438 4
153.512 2
153.587 3
153.661 2
153.735 1
153.809 4
153.884 3
153.958 2
153.958 1
153.958 4
154.032 3
154.106 4
154.181 1
154.255 2
154.329 3
154.403 4
154.403 2
154.403 1
154.478 3
154.552 4
154.626 2
154.7 1
154.775 4
154.849 3
154.923 1
154.997 2
155.072 3
155.146 2
155.146 1
155.146 4
155.22 3
155.295 2
155.369 4
155.443 1
155.517 2
155.592 4
155.666 3
155.74 2
155.74 1
156.26 3
156.26 4
156.408 3
156.408 4
156.557 2
156.557 3
156.557 4
156.705 2
156.705 3
156.928 2
156.928 3
156.928 4
157.225 2
157.225 3
157.225 1
157.374 2
157.374 3
157.374 1
157.522 2
157.522 3
157.522 1
157.671 2
157.671 3
157.671 1
157.819 2
157.819 3
157.819 1
157.968 2
157.968 3
157.968 1
158.116 2
158.116 1
158.191 3
158.265 4
158.339 2
158.413 3
158.488 4
158.562 2
158.636 3
158.71 4
158.785 2
158.859 3
158.933 4
159.007 2
159.082 3
159.156 4
159.23 2
159.304 3
159.379 4
159.453 2
159.527 3
159.601 4
159.676 2
159.75 3
159.824 4
159.898 2
159.973 3
160.047 4
160.121 2
160.196 3
160.27 4
160.344 2
160.418 3
160.493 4
160.567 2
160.641 3
160.715 4
160.79 2
160.864 3
160.938 4
161.012 2
161.087 3
161.161 4
161.235 2
161.309 3
161.384 4
161.458 2
161.532 3
161.606 4
161.681 2
161.755 3
161.829 4
161.903 2
161.978 3
162.052 4
162.126 3
162.275 1
162.374 4
162.473 2
162.572 1
162.671 3
162.77 2
162.869 1
162.968 4
163.067 2
163.166 3
163.265 1
163.364 3
163.463 4
163.562 1
163.661 2
163.76 3
163.859 2
163.958 1
164.057 4
164.156 2
164.255 1
164.354 3
164.453 4
164.552 1
164.651 3
164.75 4
164.849 2
164.948 1
165.047 3
165.146 2
165.245 4
165.344 1
165.443 3
165.542 4
165.641 2
165.74 1
165.839 3
165.938 4
166.037 1
166.136 2
166.235 4
166.334 1
166.433 3
166.532 2
166.631 4
166.73 3
166.829 1
166.928 3
167.027 4
167.126 2
167.225 3
167.324 1
167.423 4
167.522 2
167.621 3
167.72 4
167.819 1
167.918 3
168.017 2
168.116 4
168.215 1
168.314 2
168.413 4
168.512 2
168.611 3
168.71 1
168.809 4
168.908 2
169.007 1
169.106 3
169.205 4
169.304 2
169.403 1
169.502 3
169.601 2
169.7 4
169.799 1
169.898 3
169.997 2
170.097 4
170.196 1
170.295 3
170.394 2
170.493 4
170.592 1
170.691 3
170.79 2
170.889 4
170.988 1
171.087 3
171.186 2
171.285 4
171.384 1
171.483 3
171.582 4
171.681 1
171.78 2
171.879 4
171.978 3
172.077 1
172.176 4
172.275 3
172.374 4
172.473 2
172.572 3
172.671 4
172.77 1
172.869 4
172.968 3
173.067 4
173.166 1
173.265 2
173.364 4
173.463 1
173.562 4
173.661 1
173.76 2
173.859 3
173.958 2
174.057 1
174.156 3
174.255 2
174.354 1
174.453 4
174.552 2
174.651 3
174.75 1
174.849 2
174.948 3
175.047 2
175.146 1
175.245 2
175.344 4
175.443 3
175.542 2
175.641 3
175.74 1
175.839 3
175.938 2
175.938 1
176.037 4
176.136 3
176.235 2
176.334 3
176.433 4
176.532 1
176.532 3
176.631 2
176.73 1
176.829 4
176.928 2
177.027 1
177.126 3
177.225 2
177.324 1
177.423 4
177.522 2
177.621 1
177.72 2
177.819 3
177.918 4
178.017 1
178.116 3
178.215 4
178.314 1
178.314 3
178.413 4
178.512 2
178.611 3
178.71 4
178.809 2
178.908 3
179.007 2
179.106 1
179.205 4
179.304 2
179.403 1
179.502 2
179.601 4
179.7 1
179.799 3
179.898 4
179.997 3
180.097 1
180.097 4
180.196 3
180.295 1
180.394 2
180.493 3
180.592 2
180.691 1
180.79 3
180.889 2
180.988 4
181.087 3
181.186 1
181.285 2
181.384 3
181.483 2
181.582 4
181.681 3
181.78 2
181.879 1
181.879 4
181.978 3
182.077 2
182.176 4
182.374 2
182.374 3
182.473 4
182.572 3
182.671 1
182.869 4
182.968 1
183.067 3
183.166 4
183.166 2
183.265 1
183.364 4
183.463 2
183.562 4
183.661 1
183.76 2
183.859 4
183.958 3
184.057 2
184.156 4
184.255 2
184.255 3
184.354 4
184.453 1
184.552 3
184.651 4
184.75 3
184.849 1
184.948 4
185.047 3
185.146 1
185.344 3
185.542 4
185.542 1
185.641 3
185.74 4
185.839 1
185.938 3
186.037 2
186.136 4
186.235 2
186.334 1
186.334 3
186.433 4
186.532 3
186.631 2
186.73 4
186.829 1
186.928 3
187.027 1
187.126 4
187.225 3
187.324 1
187.423 2
187.522 4
187.621 1
187.72 2
187.819 1
187.918 4
188.017 2
188.116 4
188.215 3
188.314 2
188.512 3
188.611 1
188.71 2
188.71 4
188.809 3
188.908 4
189.007 1
189.106 4
189.205 1
189.304 4
189.403 3
189.502 2
189.601 1
189.7 4
189.799 2
189.997 1
190.097 4
190.196 1
190.295 2
190.394 4
190.493 1
190.592 2
190.691 4
190.79 2
190.889 1
190.988 3
191.087 2
191.186 1
191.285 4
191.285 3
191.384 1
191.483 2
191.582 3
191.681 1
191.78 2
191.879 3
191.978 1
192.077 2
192.176 3
192.275 1
192.374 4
192.473 1
192.572 2
192.671 3
192.77 1
192.869 4
193.067 3
193.166 1
193.166 4
193.265 3
193.364 2
193.463 4
193.562 2
193.661 3
193.76 4
193.859 2
193.958 3
194.057 1
194.156 2
194.255 1
194.354 3
194.453 2
194.552 1
194.651 4
194.75 2
194.849 4
194.948 1
194.948 2
195.047 4
195.146 2
195.245 3
195.344 4
195.443 3
195.641 4
195.74 2
195.74 3
195.839 4
195.938 3
196.136 2
196.136 3
196.136 4
196.136 1
196.582 2
196.73 3
196.73 4
197.027 3
197.027 4
197.027 1
197.621 3
197.621 4
197.621 2
197.918 1
197.918 3
197.918 4
198.215 1
198.215 2
198.215 4
198.215 3
198.512 1
198.512 3
198.512 4
198.809 1
198.809 2
198.809 3
198.809 4
199.106 1
199.106 2
199.106 4
199.403 1
199.403 3
199.403 4
199.403 2
199.7 1
199.7 2
199.7 4
199.7 3
199.997 1
199.997 2
199.997 4
199.997 3
200.295 1
200.295 2
200.295 3
200.295 4
200.592 1
200.592 2
200.592 4
200.592 3
200.889 1
200.889 3
200.889 4
200.889 2
201.186 2
201.186 3
201.483 4
201.483 2
202.077 3
202.077 4
202.077 1
202.671 3
202.671 4
202.671 2
202.968 3
202.968 4
203.265 3
203.265 4
203.265 1
203.562 2
203.562 3
203.562 4
203.859 4
204.156 2
204.156 4
204.156 3
204.453 1
204.453 3
204.453 4
204.75 2
204.75 3
204.75 4
205.047 4
205.047 2
205.344 1
205.641 3
205.641 4
205.641 2
205.938 3
205.938 4
206.235 4
206.235 1
206.829 4
206.829 2
207.423 4
207.423 1
207.72 3
207.72 4
208.017 2
208.017 3
208.017 4
208.314 3
208.314 4
208.463 1
208.611 4
208.908 2
209.205 3
209.205 4
209.502 3
209.502 4
209.502 1
209.799 4
209.799 1
210.394 2
210.394 1
210.394 3
210.394 4
210.691 3
210.691 4
210.988 4
210.988 2
211.582 4
211.582 1
212.176 2
212.176 4
212.176 3
212.473 3
212.473 4
212.77 1
212.77 3
212.77 4
213.067 2
213.067 3
213.067 4
213.364 4
213.958 3
213.958 4
214.255 1
214.255 2
214.255 3
214.255 4
214.552 1
214.552 4
215.146 2
215.146 3
215.146 4
215.146 1
215.74 4
215.74 2
216.334 1
216.334 4
216.334 3
216.928 2
216.928 4
217.225 3
217.225 4
217.522 1
217.522 4
217.522 3
217.819 3
217.819 4
218.116 2
218.116 4
218.71 3
218.71 4
219.007 3
219.007 4
219.304 1
219.304 4
219.898 3
219.898 4
219.898 2
219.898 1
220.196 3
220.196 4
220.493 2
220.493 4
220.938 1
221.087 4
221.087 3
221.532 2
221.681 4
221.978 3
221.978 4
222.275 1
222.275 3
222.275 4
222.572 3
222.572 4
222.72 2
222.869 4
223.314 1
223.463 4
223.463 3
223.463 2
223.76 3
223.76 4
224.057 2
224.057 4
224.205 1
224.651 1
224.651 3
224.651 4
225.097 2
225.245 3
225.245 4
225.691 4
225.691 3
225.839 2
225.839 1
226.433 1
226.433 2
226.73 1
226.73 2
227.027 1
227.027 2
227.027 3
227.027 4
227.324 1
227.324 2
227.324 3
227.324 4
227.473 1
227.473 2
227.473 3
227.473 4
227.621 4
227.621 3
227.621 2
227.621 1
227.77 1
227.77 2
227.77 4
227.77 3
227.918 3
227.918 4
228.067 3
228.067 4
228.215 3
228.215 4
228.215 2
228.215 1
228.364 2
228.364 1
228.512 1
228.512 2
228.512 3
228.661 1
228.661 2
228.661 3
228.809 1
228.809 2
228.809 4
228.809 3
228.958 3
228.958 4
228.958 2
228.958 1
229.106 1
229.106 2
229.106 3
229.106 4
229.255 4
229.255 3
229.255 2
229.255 1
229.403 1
229.403 2
229.403 3
229.403 4
229.997 3
229.997 4
229.997 2
230.592 3
230.592 4
230.592 1
231.186 2
231.186 3
231.186 4
231.483 4
231.78 1
231.78 3
231.78 4
232.374 2
232.374 3
232.374 4
232.968 1
232.968 3
232.968 4
233.265 2
233.265 3
233.265 4
233.562 3
233.562 1
233.562 4
233.859 4
233.859 2
233.859 1
234.156 1
234.156 2
234.156 3
234.75 2
234.75 3
234.75 4
235.344 1
235.344 3
235.344 4
235.938 2
235.938 3
235.938 4
236.235 2
236.235 3
236.532 1
236.532 3
236.532 4
236.829 2
236.829 4
236.978 3
237.126 2
237.126 1
237.126 4
237.275 1
237.423 3
237.423 4
237.72 3
237.72 4
237.72 2
238.017 3
238.017 4
238.017 2
238.017 1
238.314 1
238.314 2
238.314 3
238.314 4
238.611 1
238.611 2
238.611 3
238.611 4
238.908 1
238.908 3
238.908 4
238.908 2
239.502 2
239.502 3
239.502 4
240.097 4
240.097 3
240.097 1
240.394 2
240.394 1
240.394 3
240.691 1
240.691 2
240.691 3
240.988 2
240.988 1
241.285 2
241.285 1
241.285 3
241.285 4
241.582 1
241.582 2
241.879 4
241.879 1
241.879 3
241.879 2
242.473 3
242.473 4
242.473 2
242.77 2
242.77 4
242.77 3
242.77 1
243.067 1
243.067 2
243.067 3
243.067 4
243.661 1
243.661 2
243.661 3
243.661 4
244.255 2
244.255 3
244.255 4
244.849 4
244.849 3
244.849 1
245.146 1
245.146 2
245.443 1
245.443 2
245.443 3
245.74 1
245.74 2
246.037 2
246.037 3
246.037 4
246.334 1
246.631 2
246.631 3
246.631 4
247.225 3
247.225 4
247.225 1
247.522 1
247.522 2
247.522 3
247.522 4
247.819 4
247.819 3
247.819 2
247.819 1
248.116 1
248.116 2
248.116 3
248.116 4
248.413 2
248.413 1
248.413 3
248.413 4
248.71 2
249.007 3
249.007 4
249.007 1
249.304 4
249.304 1
249.601 3
249.601 2
249.898 2
249.898 3
250.196 1
250.196 2
250.196 3
250.196 4
250.493 1
250.493 2
250.79 1
250.79 2
251.384 1
251.384 2
251.384 3
251.384 4
251.681 1
251.681 2
251.681 4
251.681 3
251.978 3
251.978 4
251.978 1
251.978 2
252.126 3
252.126 4
252.275 4
252.275 3
252.275 1
252.275 2
252.572 1
252.609 2
252.646 3
252.683 4
252.869 1
252.869 2
252.869 3
252.869 4
253.017 3
253.017 4
253.166 2
253.166 1
253.24 3
253.314 4
253.389 2
253.463 3
253.537 4
253.611 2
253.686 3
253.76 4
253.834 2
253.908 3
253.983 4
254.057 2
254.131 3
254.205 4
254.28 2
254.354 3
254.428 4
254.552 2
254.651 3
254.75 1
254.849 3
254.948 2
255.047 4
255.146 2
255.245 3
255.344 1
255.443 4
255.542 2
255.641 3
255.74 4
255.839 1
255.938 3
256.037 4
256.136 2
256.235 1
256.334 4
256.433 2
256.532 3
256.631 1
256.73 4
256.829 2
256.928 1
257.027 3
257.126 4
257.225 1
257.324 4
257.423 2
257.473 3
257.522 1
257.621 4
257.72 2
257.77 1
257.819 3
257.918 1
258.017 4
258.067 3
258.116 2
258.215 4
258.314 1
258.364 3
258.413 4
258.512 2
258.611 3
258.661 1
258.71 2
258.809 4
258.908 1
258.958 2
259.007 3
259.106 2
259.205 4
259.304 1
259.403 3
259.502 4
259.552 3
259.601 2
259.7 1
259.799 3
259.898 4
259.997 1
260.097 3
260.146 2
260.196 4
260.295 1
260.394 2
260.443 3
260.493 4
260.592 3
260.691 1
260.74 2
260.79 3
260.889 2
260.988 4
261.037 3
261.087 1
261.186 4
261.285 2
261.334 3
261.384 4
261.483 1
261.582 3
261.631 4
261.681 2
261.78 3
261.879 1
261.978 3
262.077 2
262.176 3
262.225 4
262.275 1
262.374 3
262.473 2
262.522 1
262.572 4
262.671 1
262.77 3
262.819 4
262.869 2
262.968 3
263.067 1
263.116 2
263.166 3
263.265 4
263.364 1
263.463 4
263.562 2
263.661 3
263.71 2
263.76 1
263.859 4
263.958 2
264.007 1
264.057 3
264.156 1
264.255 4
264.304 2
264.354 3
264.453 1
264.552 2
264.601 3
264.651 4
264.75 2
264.849 1
264.898 4
264.948 3
265.047 2
265.146 4
265.196 3
265.245 1
265.344 4
265.443 2
265.493 3
265.542 4
265.641 1
265.74 3
265.79 4
265.839 2
265.938 3
266.037 1
266.087 2
266.136 3
266.235 1
266.334 4
266.384 3
266.433 1
266.532 2
266.631 3
266.681 1
266.73 2
266.829 4
266.928 1
266.978 3
267.027 2
267.126 4
267.225 2
267.275 3
267.324 1
267.423 4
267.423 2
267.522 1
267.621 2
267.72 1
267.72 3
267.819 4
267.918 3
268.017 2
268.017 4
268.166 3
268.314 4
268.314 1
268.413 2
268.512 1
268.611 3
268.76 2
268.908 3
269.057 2
269.205 4
269.205 3
269.304 2
269.403 1
269.502 3
269.54 2
269.577 1
269.651 3
269.799 2
269.948 1
270.097 3
270.245 1
270.394 2
270.542 2
270.542 3
270.691 1
270.79 4
270.889 3
270.988 1
271.087 4
271.186 3
271.285 1
271.433 4
271.483 3
271.582 1
271.681 3
271.78 2
271.879 1
271.978 3
272.077 1
272.176 2
272.324 3
272.374 1
272.473 4
272.572 2
272.671 4
272.77 1
272.869 4
272.968 2
273.067 1
273.166 4
273.215 1
273.265 2
273.364 4
273.463 3
273.562 2
273.661 4
273.859 3
273.958 4
273.958 2
274.057 3
274.156 1
274.255 2
274.354 3
274.453 1
274.552 3
274.651 2
274.75 3
274.849 1
274.849 2
274.948 3
275.047 2
275.146 4
275.245 2
275.344 3
275.443 4
275.542 2
275.641 3
275.74 4
275.74 2
275.839 1
275.938 3
276.037 2
276.136 1
276.235 3
276.334 1
276.433 2
276.532 3
276.631 1
276.73 3
276.829 2
276.928 1
276.928 3
277.027 2
277.126 4
277.225 3
277.324 2
277.423 4
277.522 2
277.621 3
277.72 4
277.819 2
277.918 4
278.017 3
278.116 2
278.215 4
278.314 3
278.413 2
278.512 1
278.562 4
278.611 3
278.71 2
278.809 1
278.908 3
279.007 2
279.106 1
279.205 3
279.304 1
279.304 2
279.403 3
279.502 2
279.601 4
279.7 2
279.799 3
279.898 4
279.997 3
280.097 2
280.196 4
280.295 3
280.344 2
280.394 4
280.493 3
280.592 1
280.691 4
280.79 3
280.889 1
280.988 4
281.087 1
281.186 4
281.285 3
281.384 1
281.483 4
281.582 3
281.681 1
281.78 4
281.879 1
281.978 3
281.978 4
282.275 2
282.423 1
282.869 2
283.166 1
283.314 4
283.76 2
284.057 1
284.354 2
284.651 4
286.433 1
288.512 4
288.512 2
288.587 1
288.661 3
288.735 2
288.809 1
288.809 3
288.884 2
288.958 4
289.032 3
289.106 2
289.181 4
289.255 2
289.255 3
289.329 4
289.403 1
289.478 3
289.552 4
289.626 1
289.7 3
289.775 4
289.849 1
289.923 2
289.997 1
290.072 4
290.146 1
290.146 2
290.22 4
290.295 2
290.369 3
290.443 4
290.517 2
290.592 3
290.666 4
290.74 2
290.814 4
290.889 3
290.963 4
291.037 2
291.111 3
291.186 4
291.26 2
291.334 4
291.408 3
291.483 2
291.557 4
291.631 2
291.705 4
291.78 3
291.854 2
291.928 1
292.002 4
292.077 2
292.151 4
292.225 1
292.299 2
292.374 4
292.448 1
292.522 4
292.597 2
292.671 1
292.671 4
292.745 2
292.819 4
292.894 3
292.968 2
293.042 4
293.116 2
293.191 3
293.265 4
293.339 2
293.413 3
293.488 2
293.562 4
293.562 3
293.636 2
293.71 1
293.785 3
293.859 2
293.933 1
294.007 2
294.082 1
294.156 3
294.23 1
294.304 2
294.379 3
294.453 1
294.453 2
294.527 4
294.601 3
294.676 2
294.824 4
294.898 2
294.973 3
295.047 4
295.121 2
295.196 4
295.27 3
295.344 4
295.344 2
295.641 4
295.938 4
296.235 4
297.126 1
297.126 2
297.2 4
297.275 2
297.349 3
297.423 4
297.497 3
297.572 2
297.646 4
297.72 3
297.795 2
297.869 4
297.943 3
298.017 4
298.092 2
298.166 3
298.24 1
298.314 4
298.389 3
298.463 1
298.537 4
298.611 1
298.686 4
298.76 3
298.834 1
298.908 3
298.983 4
299.057 1
299.131 3
299.205 4
299.205 1
299.28 2
299.354 4
299.428 3
299.502 4
299.577 2
299.651 3
299.725 4
299.799 2
299.874 4
299.948 3
299.948 2
300.022 4
300.097 1
300.171 3
300.245 4
300.319 3
300.394 4
300.468 1
300.542 4
300.542 3
300.616 1
300.691 3
300.765 2
300.839 3
300.913 1
300.988 2
301.062 3
301.136 2
301.136 1
301.21 3
301.285 4
301.359 3
301.433 1
301.507 4
301.582 3
301.656 4
301.73 1
301.73 3
301.804 2
301.879 4
301.953 3
302.027 2
302.101 4
302.176 2
302.25 4
302.324 3
302.398 2
302.473 4
302.547 2
302.621 3
302.696 4
302.77 2
302.844 4
302.918 2
302.993 3
303.067 4
303.141 3
303.215 2
303.29 3
303.364 2
303.438 4
303.438 3
303.512 1
303.587 3
303.661 1
303.735 2
303.809 3
303.884 2
303.958 1
304.032 3
304.106 1
304.181 2
304.255 1
304.329 3
304.403 2
304.478 1
304.552 4
304.626 1
304.7 2
304.775 4
304.849 2
304.849 1
304.923 4
304.997 3
305.072 4
305.146 1
305.22 3
305.295 1
305.295 4
305.369 3
305.443 4
305.517 2
305.592 3
305.666 4
305.74 3
305.814 2
305.889 4
305.963 3
306.037 2
306.111 4
306.186 3
306.26 2
306.334 3
306.408 4
306.483 2
306.557 4
306.631 2
306.705 3
306.78 4
306.854 3
306.928 4
307.002 3
307.077 2
307.151 4
307.225 3
307.299 2
307.374 3
307.448 4
307.522 3
307.597 2
307.671 4
307.745 3
307.819 4
307.819 2
307.968 3
308.116 2
308.265 3
308.413 2
308.562 3
308.71 1
311.384 2
313.166 4
314.948 1
314.948 2
315.245 3
315.394 4
315.468 3
315.616 2
315.765 4
316.136 2
316.433 4
316.73 3
317.027 2
317.324 3
317.473 4
318.512 1
318.512 2
318.512 4
318.587 3
318.661 1
318.735 4
318.809 2
318.884 3
318.958 1
319.032 4
319.106 2
319.181 4
319.255 1
319.329 3
319.403 2
319.478 4
319.552 1
319.626 2
319.7 4
319.775 3
319.849 1
319.923 3
319.997 2
320.072 1
320.146 4
320.22 2
320.295 3
320.369 2
320.443 4
320.443 3
320.443 1
320.517 2
320.592 4
320.666 1
320.74 3
320.814 2
320.889 4
320.963 2
321.037 1
321.111 3
321.186 2
321.26 4
321.334 3
321.408 1
321.483 2
321.557 4
321.631 2
321.705 1
321.78 3
321.854 4
321.928 3
322.002 4
322.077 2
322.151 1
322.225 3
322.299 2
322.374 4
322.448 1
322.522 2
322.597 3
322.671 1
322.745 4
322.819 2
322.894 3
322.968 1
323.042 4
323.042 2
323.116 3
323.191 1
323.265 3
323.339 2
323.413 4
323.488 1
323.562 3
323.636 2
323.71 4
323.785 2
323.859 3
323.859 1
323.933 2
324.007 3
324.007 4
324.082 1
324.156 2
324.23 4
324.304 2
324.379 1
324.453 3
324.527 4
324.601 2
324.676 3
324.75 1
324.824 4
324.898 3
324.973 2
325.047 4
325.121 1
325.121 3
325.196 2
325.27 4
325.344 2
325.418 3
325.493 4
325.53 3
325.567 2
325.604 1
325.79 4
325.79 3
325.864 1
325.938 2
326.012 3
326.087 1
326.161 3
326.235 2
326.309 1
326.384 3
326.458 2
326.532 1
326.606 3
326.681 2
326.755 3
326.829 1
326.903 2
326.978 3
327.052 1
327.126 3
327.2 2
327.275 1
327.349 3
327.423 1
327.423 2
329.205 4
331.136 1
334.552 1
334.552 2
334.552 3
334.552 4
334.923 1
335.072 2
335.22 3
335.406 2
335.443 1
335.443 4
335.48 3
335.703 3
335.74 1
335.74 4
335.777 2
336.0 1
336.037 2
336.037 4
336.074 3
336.297 3
336.334 2
336.334 4
336.371 1
336.594 3
336.631 1
336.631 4
336.668 2
336.891 2
336.928 1
336.928 4
336.965 3
337.225 1
337.225 2
337.225 3
337.225 4
337.522 1
337.522 2
337.522 3
337.522 4
337.745 1
337.745 2
337.745 3
337.745 4
338.116 1
338.116 2
338.116 3
338.116 4
338.413 1
338.562 2
338.71 3
339.007 2
339.007 3
339.007 4
339.007 1
339.267 3
339.304 2
339.342 4
339.601 4
339.75 3
339.898 2
340.196 1
340.196 2
340.196 3
340.196 4
340.493 3
340.493 4
340.79 3
340.79 4
341.681 1
341.681 2
341.681 4
341.681 3
341.978 4
342.126 3
342.275 2
342.572 2
342.572 3
342.572 4
342.572 1
342.832 2
342.869 1
342.869 4
342.906 3
343.129 1
343.166 2
343.166 4
343.203 3
343.426 3
343.463 1
343.463 4
343.5 2
343.723 2
343.76 1
343.76 4
343.797 3
344.02 4
344.057 1
344.057 3
344.094 2
344.354 2
344.354 3
344.354 4
344.354 1
344.651 2
344.651 3
344.651 4
344.948 2
344.948 3
344.948 4
345.245 2
345.245 3
345.245 4
345.245 1
345.542 4
345.691 3
345.839 2
346.136 2
346.136 3
346.136 4
346.285 3
346.285 4
346.285 2
346.433 2
346.433 3
346.433 4
346.73 4
346.879 3
347.027 2
347.027 1
347.324 2
347.324 3
347.324 4
347.473 3
347.473 4
347.473 2
347.621 2
347.621 3
347.621 4
347.918 4
347.918 3
347.918 2
348.215 3
348.215 2
348.364 3
348.413 2
348.463 1
348.512 2
348.562 3
348.611 4
348.661 3
348.71 2
348.76 1
348.809 4
348.809 3
348.859 2
348.908 1
348.958 2
349.007 3
349.057 4
349.106 3
349.156 2
349.205 1
349.255 2
349.304 3
349.403 1
349.403 2
349.453 4
349.502 3
349.552 2
349.601 1
349.7 4
349.7 1
349.7 3
349.75 2
349.799 1
349.849 2
349.898 3
349.948 4
349.997 3
350.047 2
350.097 1
350.146 2
350.22 4
350.295 1
350.295 2
350.369 3
350.394 4
350.443 1
350.493 2
350.517 3
350.592 1
350.592 2
350.641 3
350.691 4
350.74 3
350.79 2
350.839 1
350.889 2
350.938 3
350.988 4
351.037 3
351.087 2
351.111 1
351.186 4
351.186 3
351.26 2
351.285 1
351.334 3
351.384 4
351.408 2
351.483 1
351.483 3
351.483 4
351.532 2
351.582 3
351.631 4
351.681 3
351.73 2
351.78 1
351.854 2
351.879 3
351.928 4
352.077 4
352.077 3
352.077 2
352.151 1
352.176 2
352.225 3
352.275 4
352.299 1
352.374 3
352.374 4
352.423 2
352.473 1
352.522 2
352.572 3
352.621 4
352.671 3
352.72 2
352.77 1
352.819 2
352.869 3
352.968 1
352.968 3
352.968 4
353.116 1
353.116 3
353.116 4
353.265 4
353.265 3
353.265 1
353.314 2
353.364 1
353.413 2
353.463 3
353.512 4
353.562 3
353.611 2
353.661 1
353.71 2
353.76 3
353.785 4
353.859 2
353.933 1
353.958 2
354.007 3
354.057 4
354.082 2
354.156 3
354.156 4
354.156 1
354.23 2
354.255 3
354.304 1
354.354 3
354.379 4
354.453 1
354.453 2
354.453 3
354.527 4
354.552 2
354.601 3
354.651 1
354.676 2
354.75 3
354.75 4
354.75 1
354.824 2
354.898 3
354.948 2
354.973 1
355.047 3
355.047 2
355.047 4
355.097 1
355.146 2
355.196 3
355.245 4
355.295 3
355.344 2
355.344 1
355.344 4
355.641 1
355.641 2
355.641 3
355.641 4
355.938 1
355.938 2
355.988 3
356.037 4
356.087 3
356.136 2
356.186 1
356.235 2
356.285 3
356.334 4
356.384 3
356.433 1
356.458 2
356.532 1
356.532 3
356.532 4
356.606 2
356.631 3
356.681 1
356.73 4
356.755 3
356.829 2
356.829 1
356.829 4
356.879 3
356.928 2
356.978 1
357.027 2
357.077 3
357.126 4
357.176 2
357.2 1
357.275 3
357.324 2
357.349 4
357.423 1
357.423 2
357.497 3
357.522 4
357.572 1
357.621 2
357.646 3
357.72 4
357.72 2
357.72 1
357.795 3
357.819 4
357.869 1
357.918 3
357.943 2
358.017 1
358.017 3
358.017 4
358.092 2
358.166 1
358.215 2
358.24 3
358.314 2
358.314 4
358.314 1
358.389 3
358.413 4
358.463 2
358.537 4
358.611 2
358.611 1
358.611 3
358.686 4
358.76 2
358.834 3
358.859 4
358.908 1
358.983 2
359.007 3
359.057 4
359.131 3
359.205 1
359.205 2
359.205 4
359.28 3
359.304 2
359.354 1
359.403 4
359.428 2
359.502 4
359.502 3
359.552 2
359.601 1
359.651 2
359.7 3
359.75 2
359.799 3
359.849 4
359.898 3
359.948 2
359.997 1
360.097 2
360.097 3
360.097 4
360.171 1
360.196 2
360.245 3
360.319 4
360.344 3
360.394 1
360.394 2
360.443 3
360.493 4
360.542 3
360.592 2
360.641 1
360.691 2
360.74 3
360.79 4
360.839 2
360.889 1
360.913 3
360.938 4
360.988 1
360.988 2
361.062 4
361.136 3
361.186 2
361.21 1
361.285 4
361.285 3
361.334 2
361.384 1
361.433 2
361.483 3
361.532 4
361.582 3
361.631 2
361.681 1
361.73 3
361.78 2
361.804 4
361.879 2
361.879 3
361.879 1
361.953 4
362.027 3
362.077 1
362.101 2
362.176 1
362.176 4
362.176 3
362.25 2
362.324 3
362.398 4
362.473 1
362.473 2
362.473 3
362.621 1
362.621 2
362.621 3
362.77 1
362.77 2
362.77 3
362.918 1
362.918 2
362.918 3
363.067 4
363.067 3
363.067 2
363.116 1
363.166 2
363.215 3
363.265 4
363.314 3
363.364 2
363.438 1
363.512 3
363.587 4
363.661 1
363.661 2
363.661 3
363.735 4
363.76 1
363.809 2
363.859 3
363.884 4
363.958 1
363.958 2
364.007 3
364.057 4
364.106 3
364.156 2
364.205 1
364.255 2
364.329 3
364.354 1
364.403 2
364.453 3
364.478 4
364.552 1
364.552 3
364.552 2
364.626 4
364.7 3
364.75 2
364.775 1
364.849 4
364.849 3
364.898 2
364.948 1
364.997 2
365.047 3
365.097 4
365.146 3
365.196 2
365.22 1
365.295 2
365.344 4
365.369 3
365.443 1
365.443 2
365.443 4
365.517 3
365.592 1
365.641 2
365.666 3
365.74 1
365.74 2
365.74 4
365.79 3
365.839 4
365.889 3
365.938 2
365.988 1
366.037 2
366.111 3
366.136 4
366.186 1
366.235 3
366.26 2
366.334 3
366.334 4
366.408 1
366.433 2
366.483 3
366.557 4
366.631 2
366.631 1
366.631 3
366.681 4
366.73 3
366.78 2
366.829 1
366.879 2
366.928 3
366.978 4
367.027 3
367.077 2
367.151 1
367.225 2
367.225 4
367.225 3
367.374 2
367.374 4
367.374 3
367.522 1
367.522 2
367.522 3
367.572 4
367.621 3
367.671 2
367.72 1
367.77 2
367.819 3
367.869 4
367.918 3
367.968 2
368.017 3
368.067 4
368.116 3
368.166 2
368.191 1
368.265 3
368.339 4
368.413 1
368.413 2
368.413 3
368.488 4
368.512 3
368.562 2
368.636 3
368.71 2
368.71 4
368.71 1
368.785 3
368.809 2
368.859 4
368.933 3
369.007 1
369.007 4
369.007 2
369.082 3
369.106 2
369.156 1
369.23 4
369.304 1
369.304 2
369.304 3
369.354 4
369.403 3
369.453 2
369.502 1
369.601 1
369.601 2
369.651 3
369.7 4
369.75 3
369.799 2
369.849 1
369.898 2
369.948 3
369.997 4
370.047 3
370.097 2
370.196 1
370.196 3
370.196 4
370.245 2
370.295 3
370.344 4
370.394 3
370.443 2
370.493 1
370.567 2
370.592 3
370.641 4
370.715 3
370.79 1
370.79 4
370.79 2
370.864 3
370.938 4
371.012 3
371.087 1
371.087 2
371.136 3
371.186 4
371.235 3
371.285 2
371.334 3
371.384 2
371.433 1
371.532 2
371.582 4
371.606 3
371.681 1
371.681 2
371.755 4
371.829 3
371.879 1
371.903 2
371.978 1
371.978 3
371.978 4
372.052 2
372.126 3
372.176 1
372.2 4
372.275 2
372.275 3
372.275 1
372.349 4
372.423 3
372.497 2
372.572 1
372.572 3
372.572 4
372.646 2
372.671 1
372.72 3
372.77 4
372.869 2
372.869 1
372.869 3
372.943 4
372.968 3
373.017 1
373.067 4
373.092 2
373.166 3
373.463 1
373.463 2
373.463 3
373.537 4
373.611 3
373.661 2
373.686 1
373.76 4
373.76 3
373.809 2
373.859 1
373.908 2
373.958 3
374.007 4
374.057 3
374.106 2
374.131 1
374.205 3
374.28 4
374.354 1
374.354 2
374.354 3
374.428 4
374.502 2
374.552 3
374.577 4
374.651 1
374.651 2
374.651 3
374.7 4
374.75 3
374.799 2
374.849 1
374.898 2
374.948 3
374.997 4
375.047 3
375.097 2
375.171 4
375.196 3
375.245 2
375.245 1
375.319 4
375.344 3
375.394 2
375.443 4
375.468 3
375.542 1
375.542 2
375.592 3
375.641 4
375.691 3
375.74 2
375.79 1
375.839 3
375.839 4
375.839 2
375.913 1
375.988 2
376.062 3
376.136 1
376.136 2
376.186 3
376.21 4
376.285 3
376.334 1
376.359 2
376.433 1
376.433 3
376.433 4
376.507 2
376.582 3
376.656 4
376.73 2
376.73 1
376.73 3
377.027 3
377.027 4
377.027 1
377.324 2
377.324 1
377.324 3
377.324 4
377.621 1
377.621 2
377.77 2
377.77 3
377.918 3
377.918 4
378.067 2
378.067 3
378.215 1
378.215 2
378.215 4
378.215 3
378.512 2
378.512 1
378.661 2
378.661 3
378.809 3
378.809 4
378.958 3
378.958 2
379.106 1
379.106 2
379.106 3
379.106 4
379.403 4
379.403 3
379.552 3
379.552 2
379.7 1
379.7 2
379.849 2
379.849 3
379.997 3
379.997 4
379.997 2
379.997 1
380.295 1
380.295 2
380.295 4
380.295 3
380.592 1
380.592 2
380.592 3
380.592 4
380.889 1
380.889 2
380.889 3
380.889 4
381.186 3
381.186 4
381.334 3
381.334 2
381.483 1
381.483 2
381.631 2
381.631 3
381.78 3
381.78 4
381.78 2
381.78 1
382.077 1
382.077 2
382.225 2
382.225 3
382.374 3
382.374 4
382.522 3
382.522 2
382.671 2
382.671 1
382.671 3
382.671 4
382.968 3
382.968 4
383.116 3
383.116 2
383.265 1
383.265 2
383.413 2
383.413 3
383.562 3
383.562 4
383.562 2
383.562 1
383.859 1
383.859 3
383.859 2
383.859 4
384.156 1
384.156 2
384.156 3
384.156 4
384.453 1
384.453 2
384.453 3
384.453 4
384.75 1
384.75 2
384.75 3
384.75 4
384.898 3
384.898 4
385.047 2
385.047 3
385.196 3
385.196 4
385.344 2
385.344 3
385.344 4
385.641 1
385.641 2
385.641 4
385.641 3
386.235 1
386.235 2
386.235 3
386.235 4
386.532 1
386.532 2
386.532 3
386.532 4
387.126 1
387.126 2
387.126 3
387.126 4
387.423 1
387.423 2
387.423 3
387.423 4
387.72 1
387.72 2
387.72 3
388.017 2
388.017 3
388.017 4
388.166 2
388.166 3
388.166 4
388.314 2
388.314 3
388.314 4
388.908 3
388.908 2
388.908 4
389.057 2
389.057 3
389.057 4
389.205 2
389.205 3
389.205 4
389.799 1
389.799 2
389.799 3
389.799 4
389.948 2
389.948 4
389.948 1
390.097 3
390.097 4
390.097 2
390.097 1
390.394 1
390.394 2
390.394 3
390.394 4
390.691 2
390.691 3
390.691 4
390.691 1
390.988 2
390.988 3
390.988 4
391.285 2
391.285 4
391.285 1
391.582 1
391.582 2
391.582 3
391.879 4
392.176 2
392.225 3
392.275 2
392.324 3
392.374 2
392.423 3
392.473 2
392.522 3
392.77 1
393.067 2
393.116 3
393.166 2
393.215 3
393.265 2
393.314 3
393.364 2
393.661 4
393.661 3
393.661 2
393.958 1
393.958 2
393.958 3
394.255 1
394.255 2
394.255 3
394.255 4
394.552 1
394.552 2
394.552 3
394.849 2
394.849 3
394.849 4
395.146 1
395.146 2
395.146 3
395.146 4
395.443 1
395.592 2
395.74 3
395.79 4
395.839 3
395.889 2
395.938 1
395.988 2
396.037 3
396.087 4
396.334 4
396.483 3
396.631 2
396.681 1
396.73 2
396.78 3
396.829 4
396.879 3
396.928 1
396.928 2
396.928 4
397.225 2
397.225 3
397.225 4
397.522 1
397.522 2
397.522 3
397.522 4
397.819 1
397.819 2
397.819 3
397.819 4
398.116 1
398.116 2
398.116 4
398.116 3
398.413 1
398.413 2
398.413 3
398.413 4
398.71 1
398.71 2
398.71 3
398.71 4
399.007 1
399.304 2
399.354 3
399.403 2
399.453 3
399.502 2
399.552 3
399.601 2
399.601 4
399.601 1
399.898 4
400.196 3
400.245 2
400.295 3
400.344 2
400.394 3
400.443 2
400.493 3
400.79 1
400.79 2
400.79 3
401.087 2
401.087 3
401.087 4
401.384 1
401.384 2
401.384 3
401.681 1
401.681 2
401.681 3
401.681 4
401.978 2
401.978 1
401.978 3
401.978 4
402.275 4
402.572 3
402.621 2
402.671 3
402.72 2
402.77 3
402.819 2
402.869 3
402.918 4
402.968 3
403.017 2
403.067 1
403.116 2
403.116 3
403.116 4
403.463 1
403.76 2
403.809 3
403.859 2
403.908 3
403.958 2
404.007 3
404.057 2
404.057 4
404.354 3
404.354 2
404.354 1
404.502 2
404.502 3
404.502 4
404.651 2
404.651 3
404.651 4
404.799 2
404.799 3
404.799 4
404.948 3
404.948 2
404.948 1
405.245 2
405.245 3
405.245 4
405.542 1
405.542 2
405.542 3
405.839 1
405.839 2
405.839 4
406.136 1
406.136 3
406.285 2
406.285 4
406.433 1
406.433 3
406.582 4
406.582 2
406.73 2
406.73 3
406.73 4
406.73 1
407.027 2
407.027 4
407.176 1
407.176 3
407.324 4
407.324 2
407.473 1
407.473 3
407.621 3
407.621 1
407.621 4
407.918 1
407.918 3
408.067 2
408.067 4
408.215 1
408.215 3
408.364 2
408.364 4
408.512 1
408.512 2
408.512 3
408.512 4
408.809 4
408.809 2
408.809 1
409.106 2
409.106 3
409.106 4
409.403 2
409.403 1
409.403 3
409.7 1
409.7 2
409.7 3
409.997 3
409.997 4
409.997 2
409.997 1
410.295 2
410.295 1
410.295 4
410.295 3
410.592 3
410.592 4
410.74 2
410.74 1
410.889 3
410.889 2
411.186 3
411.186 2
411.186 1
411.483 1
411.483 2
411.483 3
411.78 2
411.78 3
411.78 4
412.077 3
412.077 1
412.077 4
412.374 1
412.374 2
412.374 3
412.374 4
412.671 1
412.671 2
412.671 3
412.671 4
412.819 1
412.819 2
412.819 3
412.819 4
412.968 4
412.968 3
412.968 2
412.968 1
413.265 1
413.265 3
413.413 2
413.413 4
413.562 1
413.562 3
413.71 2
413.71 4
413.859 1
413.859 2
413.859 3
413.859 4
414.156 1
414.156 3
414.304 2
414.304 4
414.453 3
414.453 1
414.601 2
414.601 4
414.75 1
414.75 2
414.75 4
415.196 2
415.196 4
415.344 1
415.344 3
415.493 2
415.493 4
415.641 1
415.641 3
415.641 2
415.641 4
415.79 1
415.79 3
415.938 2
415.938 4
416.087 1
416.087 3
416.235 2
416.235 4
416.384 1
416.384 3
416.532 1
416.532 2
416.532 3
416.532 4
416.829 4
416.829 2
416.978 3
416.978 1
417.126 2
417.126 4
417.275 3
417.275 1
417.423 1
417.423 3
417.423 2
417.423 4
417.72 4
417.72 2
417.869 3
417.869 1
418.017 2
418.017 4
418.166 3
418.166 1
418.314 1
418.314 2
418.314 3
418.314 4
418.611 1
418.611 2
418.611 3
418.611 4
418.76 1
418.76 2
418.76 4
418.76 3
418.908 1
418.908 2
418.908 3
418.908 4
419.057 1
419.057 2
419.057 3
419.057 4
419.205 1
419.205 3
419.205 2
419.205 4
419.502 1
419.502 2
419.502 3
419.502 4
419.799 1
419.799 2
419.799 3
419.799 4
420.097 1
420.097 2
420.097 4
420.097 3
420.394 2
420.394 4
420.542 3
420.542 1
420.691 2
420.691 4
420.839 1
420.839 3
420.988 2
420.988 1
420.988 3
420.988 4
421.285 4
421.285 2
421.433 3
421.433 1
421.582 4
421.582 2
421.73 3
421.73 1
421.879 1
421.879 3
421.879 4
422.176 2
422.176 4
422.324 1
422.324 3
422.473 2
422.473 4
422.621 1
422.621 3
422.77 1
422.77 2
422.77 3
422.77 4
422.918 3
422.918 1
423.067 2
423.067 4
423.215 1
423.215 3
423.364 2
423.364 4
423.364 1
423.512 3
423.512 1
423.661 1
423.661 2
423.661 3
423.661 4
423.958 4
423.958 2
424.106 3
424.106 1
424.255 2
424.255 4
424.403 1
424.403 3
424.552 2
424.552 4
424.552 3
424.552 1
424.849 4
424.849 2
424.997 3
424.997 1
425.146 2
425.146 4
425.295 1
425.295 3
425.443 1
425.443 2
425.443 3
425.443 4
425.74 1
425.74 2
425.74 3
425.74 4
426.037 1
426.037 2
426.037 3
426.037 4
426.334 1
426.334 2
426.334 3
426.334 4
426.631 4
426.631 3
426.631 2
426.631 1
426.928 1
426.928 2
426.928 3
426.928 4
427.188 3
427.225 2
427.225 4
427.262 1
427.485 4
427.522 1
427.522 3
427.559 2
427.782 1
427.819 2
427.819 4
427.856 3
428.079 4
428.116 1
428.116 3
428.153 2
428.376 3
428.413 1
428.413 4
428.45 2
428.673 2
428.71 1
428.71 3
428.747 4
429.007 1
429.007 2
429.007 3
429.007 4
429.304 4
429.304 3
429.304 1
429.304 2
429.601 1
429.601 2
429.601 4
429.601 3
429.898 4
429.898 3
429.898 2
429.898 1
430.196 1
430.196 2
430.196 3
430.196 4
430.493 1
430.493 2
430.493 3
430.493 4
430.79 1
430.79 2
430.79 3
430.839 4
430.889 3
430.938 1
430.988 2
431.037 4
431.087 1
431.087 3
431.087 2
431.136 4
431.186 2
431.235 3
431.285 1
431.334 3
431.384 1
431.384 2
431.384 4
431.433 3
431.483 4
431.532 2
431.582 3
431.631 1
431.681 2
431.681 4
431.681 3
431.73 1
431.78 2
431.829 3
431.879 1
431.928 2
431.978 1
431.978 4
431.978 3
432.027 2
432.077 4
432.126 1
432.176 3
432.225 4
432.275 2
432.275 3
432.275 1
432.324 4
432.374 2
432.423 3
432.473 4
432.522 2
432.572 1
432.572 3
432.572 4
432.621 2
432.671 4
432.72 1
432.77 3
432.819 2
432.869 3
432.869 4
432.869 1
432.918 2
432.968 4
433.017 3
433.067 1
433.116 2
433.166 1
433.166 3
433.166 4
433.215 2
433.265 4
433.314 1
433.364 3
433.413 2
433.463 3
433.463 4
433.463 1
433.512 2
433.562 4
433.611 1
433.661 3
433.71 2
433.76 1
433.76 3
433.76 4
434.057 1
434.057 2
434.057 3
434.057 4
434.354 1
434.354 2
434.354 3
434.403 4
434.453 1
434.502 3
434.552 2
434.601 1
434.651 2
434.651 3
434.651 4
434.7 1
434.75 2
434.799 3
434.799 4
434.849 1
434.898 2
434.948 3
434.948 4
434.997 2
435.047 1
435.097 3
435.146 4
435.196 2
435.245 1
435.245 3
435.245 4
435.295 2
435.344 1
435.394 3
435.443 4
435.493 2
435.542 3
435.542 4
435.542 1
435.592 2
435.641 1
435.691 3
435.74 2
435.79 4
435.839 1
435.839 2
435.839 3
435.889 4
435.938 3
435.988 2
435.988 1
436.037 4
436.087 3
436.136 1
436.136 2
436.136 4
436.186 3
436.235 1
436.285 4
436.334 2
436.384 3
436.433 2
436.433 4
436.433 1
436.483 3
436.532 1
436.582 4
436.631 2
436.681 3
436.73 1
436.73 2
436.73 4
436.78 3
436.829 1
436.879 4
436.928 2
436.978 1
437.027 2
437.027 3
437.027 4
437.077 1
437.126 3
437.176 4
437.225 2
437.275 3
437.324 1
437.324 2
437.324 4
437.374 3
437.423 1
437.473 2
437.522 3
437.572 1
437.621 2
437.621 3
437.621 4
437.918 1
437.918 2
437.918 3
437.968 4
438.017 1
438.067 3
438.116 2
438.166 4
438.215 2
438.215 3
438.215 1
438.265 4
438.314 2
438.364 1
438.413 3
438.463 2
438.512 1
438.512 3
438.512 4
438.562 2
438.611 1
438.661 3
438.71 2
438.76 4
438.809 2
438.809 3
438.809 1
438.859 4
438.908 2
438.958 1
439.007 3
439.057 2
439.106 1
439.106 3
439.106 4
439.156 2
439.205 1
439.255 3
439.304 2
439.354 4
439.403 3
439.403 2
439.403 1
439.453 4
439.502 3
439.552 1
439.601 2
439.651 3
439.7 1
439.7 2
439.7 4
439.75 3
439.799 1
439.849 4
439.898 2
439.948 3
439.997 2
439.997 4
439.997 1
440.047 3
440.097 1
440.146 4
440.196 2
440.245 1
440.295 4
440.295 3
440.295 2
440.344 1
440.394 2
440.443 4
440.443 3
440.493 1
440.542 2
440.592 4
440.592 1
440.592 3
440.641 2
440.691 3
440.74 1
440.79 4
440.839 2
440.889 3
440.889 1
440.889 4
440.938 2
440.988 4
441.037 1
441.087 2
441.136 3
441.186 4
441.186 1
441.186 2
441.483 1
441.483 3
441.483 4
441.532 2
441.582 4
441.631 1
441.681 3
441.73 2
441.78 4
441.78 3
441.78 1
441.829 2
441.879 1
441.928 3
441.928 4
441.978 2
442.027 1
442.077 3
442.077 4
442.126 2
442.176 4
442.225 1
442.275 3
442.324 2
442.374 4
442.374 3
442.374 1
442.423 2
442.473 4
442.522 1
442.572 3
442.621 2
442.671 1
442.671 3
442.671 4
442.72 2
442.77 4
442.819 1
442.869 3
442.918 2
442.968 3
442.968 4
443.017 1
443.067 2
443.116 3
443.116 4
443.166 1
443.215 2
443.265 3
443.265 4
443.265 1
443.314 2
443.364 4
443.413 1
443.463 3
443.512 2
443.562 1
443.562 3
443.562 4
443.611 2
443.661 4
443.71 1
443.76 3
443.809 2
443.859 3
443.859 4
443.859 1
443.908 2
443.958 4
444.007 1
444.057 2
444.106 3
444.156 1
444.156 2
444.156 4
444.205 3
444.255 1
444.304 2
444.354 4
444.403 3
444.453 2
444.453 4
444.453 1
444.502 3
444.552 2
444.601 1
444.651 2
444.7 3
444.75 4
444.799 3
444.849 2
444.898 1
444.948 2
444.997 3
445.047 1
445.047 4
445.047 2
445.097 3
445.146 1
445.196 4
445.245 2
445.295 3
445.344 2
445.344 4
445.344 1
445.394 3
445.443 4
445.493 3
445.542 2
445.592 1
445.641 2
445.641 3
445.641 4
445.691 1
445.74 3
445.79 2
445.839 4
445.889 3
445.938 2
445.938 4
445.938 1
445.988 3
446.037 1
446.087 4
446.136 2
446.186 3
446.235 2
446.235 1
446.235 4
446.285 3
446.334 1
446.384 4
446.433 2
446.483 3
446.532 2
446.532 4
446.532 1
446.582 3
446.631 1
446.681 4
446.73 2
446.78 3
446.829 2
446.829 1
446.829 4
446.879 3
446.928 4
446.978 2
446.978 1
447.027 3
447.077 4
447.126 1
447.126 2
447.176 3
447.225 4
447.275 2
447.324 3
447.374 1
447.423 2
447.423 3
447.423 4
447.473 1
447.522 4
447.572 2
447.621 3
447.671 4
447.72 3
447.72 1
447.72 2
447.77 4
447.819 3
447.869 2
447.918 1
447.968 2
448.017 3
448.017 4
448.017 1
448.314 2
448.314 3
448.314 4
448.314 1
448.611 3
448.611 2
448.611 4
448.661 1
448.71 2
448.76 4
448.809 3
448.859 2
448.908 4
448.908 1
448.908 3
448.958 2
449.007 3
449.057 4
449.106 3
449.156 2
449.205 3
449.205 1
449.205 4
449.255 2
449.304 4
449.354 1
449.403 3
449.453 2
449.502 3
449.502 4
449.502 1
449.552 2
449.601 4
449.651 1
449.7 3
449.75 2
449.799 3
449.799 1
449.799 4
449.849 2
449.898 4
449.948 1
449.997 3
450.047 4
450.097 1
450.097 3
450.097 2
450.146 4
450.196 1
450.245 2
450.295 3
450.344 2
450.394 1
450.394 4
450.394 3
450.443 2
450.493 1
450.542 2
450.592 3
450.641 4
450.691 2
450.691 1
450.691 3
450.74 4
450.79 3
450.839 2
450.889 1
450.938 2
450.988 3
450.988 4
450.988 1
451.037 2
451.087 3
451.136 4
451.186 3
451.235 2
451.285 3
451.285 4
451.285 1
451.582 1
451.582 2
451.582 3
451.582 4
451.879 4
451.879 3
451.879 2
451.879 1
452.176 1
452.176 3
452.176 4
452.225 2
452.275 4
452.324 3
452.374 1
452.423 2
452.473 4
452.473 3
452.473 1
452.522 2
452.572 3
452.621 4
452.671 3
452.72 2
452.77 3
452.77 4
452.77 1
452.819 2
452.869 4
452.918 1
452.968 3
453.017 2
453.067 3
453.067 1
453.067 4
453.116 2
453.166 1
453.215 3
453.215 4
453.265 2
453.314 1
453.364 3
453.364 4
453.413 2
453.463 1
453.512 4
453.562 2
453.611 3
453.661 1
453.661 2
453.661 4
453.71 3
453.76 2
453.809 4
453.859 1
453.908 3
453.958 2
453.958 4
453.958 1
454.007 3
454.057 2
454.106 1
454.156 2
454.205 3
454.255 1
454.255 2
454.255 4
454.304 3
454.354 1
454.403 4
454.453 2
454.502 3
454.552 2
454.552 4
454.552 1
454.601 3
454.651 2
454.7 1
454.75 3
454.799 4
454.849 1
454.849 2
454.849 3
454.898 4
454.948 3
454.997 2
455.047 1
455.097 2
455.146 1
455.146 4
455.146 3
455.443 1
455.443 2
455.443 3
455.443 4
455.74 1
455.74 2
455.74 3
455.79 4
455.839 1
455.889 3
455.938 2
455.988 3
456.037 2
456.037 4
456.037 1
456.087 3
456.136 2
456.186 1
456.235 2
456.285 3
456.334 2
456.334 1
456.334 4
456.384 3
456.433 1
456.483 2
456.532 4
456.582 3
456.631 2
456.631 4
456.631 1
456.681 3
456.73 2
456.78 4
456.829 2
456.879 1
456.928 3
456.928 2
456.928 4
456.978 1
457.027 4
457.077 2
457.126 3
457.176 2
457.225 4
457.225 1
457.225 3
457.275 2
457.324 4
457.374 1
457.423 2
457.473 3
457.522 1
457.522 2
457.522 4
457.572 3
457.621 2
457.671 1
457.72 2
457.77 3
457.819 2
457.819 4
457.819 1
457.869 3
457.918 4
457.968 3
458.017 2
458.067 1
458.116 2
458.116 4
458.116 3
458.166 1
458.215 2
458.265 3
458.314 4
458.364 3
458.413 1
458.413 4
458.413 2
459.304 1
459.304 4
459.304 3
459.354 2
459.403 1
459.453 2
459.502 3
459.552 4
459.601 1
459.601 2
459.601 3
459.651 4
459.7 3
459.75 2
459.799 1
459.849 2
459.898 1
459.898 4
459.898 3
459.948 2
459.997 3
460.047 4
460.097 3
460.146 2
460.196 1
460.196 3
460.196 4
461.087 1
461.087 2
461.087 3
461.235 1
461.235 2
461.384 1
461.384 2
461.532 3
461.532 4
461.532 1
461.681 3
461.681 4
461.829 3
461.829 4
461.978 1
461.978 2
461.978 3
461.978 4
462.275 4
462.275 3
462.275 2
462.275 1
462.572 1
462.572 2
462.572 3
462.572 4
462.869 1
462.869 3
462.869 2
463.017 3
463.166 3
463.314 1
463.314 3
463.314 2
463.463 1
463.611 1
463.76 1
463.76 3
463.76 2
463.76 4
464.651 2
464.651 3
464.651 4
464.799 2
464.948 2
465.097 4
465.097 3
465.097 2
465.245 4
465.394 4
465.542 4
465.542 3
465.542 2
465.542 1
465.839 1
465.839 2
465.839 4
465.839 3
466.136 1
466.136 3
466.136 2
466.136 4
466.433 1
466.433 2
466.433 3
466.582 1
466.73 1
466.879 1
466.879 2
466.879 3
467.027 3
467.176 3
467.324 2
467.324 3
467.324 4
467.324 1
467.918 1
467.918 3
467.918 2
468.067 3
468.215 3
468.364 3
468.364 2
468.364 4
468.512 4
468.661 4
468.809 2
468.809 3
468.809 1
468.809 4
469.106 1
469.106 2
469.106 3
469.106 4
469.403 1
469.403 2
469.403 3
469.403 4
469.7 1
469.7 2
469.7 3
469.7 4
469.849 1
469.997 1
470.146 1
470.146 2
470.146 3
470.295 3
470.443 3
470.592 3
470.592 4
470.592 2
470.592 1
471.483 2
471.483 3
471.483 4
471.631 4
471.78 4
471.928 4
471.928 2
471.928 3
472.077 2
472.225 2
472.374 2
472.374 1
472.374 3
472.423 4
472.473 3
472.522 2
472.572 1
472.621 2
472.671 1
472.671 3
472.671 4
472.72 2
472.77 3
472.819 4
472.869 3
472.918 2
472.968 1
472.968 3
472.968 4
473.265 1
473.265 2
473.265 4
473.413 4
473.562 4
473.71 4
473.71 3
473.71 2
473.859 2
474.007 2
474.156 2
474.156 1
474.156 3
474.75 1
474.75 3
474.75 2
474.75 4
474.898 4
475.047 4
475.196 4
475.196 3
475.196 2
475.344 2
475.493 2
475.641 2
475.641 1
475.641 3
475.641 4
475.938 1
475.938 2
475.938 3
475.938 4
476.235 1
476.235 2
476.235 3
476.235 4
476.532 4
476.532 3
476.829 3
476.829 4
476.978 3
476.978 4
477.126 3
477.126 4
477.275 3
477.275 4
477.423 3
477.423 4
477.572 3
477.572 4
477.72 4
477.72 3
477.869 3
477.869 4
478.017 3
478.017 4
478.166 3
478.166 4
478.314 4
478.463 4
478.611 4
478.611 1
478.611 2
478.76 4
478.908 4
478.908 3
478.958 2
479.007 1
479.057 3
479.106 2
479.156 3
479.205 1
479.255 2
479.304 4
479.354 3
479.403 1
479.453 3
479.502 2
479.502 1
479.552 4
479.601 1
479.651 3
479.7 2
479.75 4
479.799 3
479.799 2
479.799 1
479.849 4
479.898 2
479.948 3
479.997 1
480.047 4
480.097 2
480.146 3
480.196 1
480.245 2
480.295 4
480.344 3
480.394 2
480.443 3
480.493 1
480.542 4
480.592 2
480.641 3
480.691 2
480.691 1
480.74 3
480.79 4
480.839 2
480.889 3
480.938 4
480.988 1
481.037 3
481.087 2
481.136 4
481.186 2
481.235 1
481.285 4
481.285 3
481.285 2
481.334 1
481.384 2
481.433 3
481.483 4
481.532 2
481.582 3
481.631 2
481.681 1
481.73 3
481.78 2
481.829 4
481.879 2
481.879 3
481.879 1
481.928 4
481.978 2
482.027 3
482.077 4
482.126 3
482.176 1
482.176 2
482.176 4
482.225 3
482.275 2
482.324 1
482.374 2
482.423 3
482.473 4
482.522 2
482.572 3
482.621 1
482.671 2
482.72 4
482.77 3
482.819 2
482.869 1
482.918 3
482.968 4
483.017 2
483.067 1
483.067 3
483.067 4
483.116 2
483.166 3
483.215 4
483.265 2
483.314 1
483.364 3
483.413 4
483.463 2
483.512 3
483.562 4
483.611 3
483.661 2
483.661 4
483.661 1
483.71 3
483.76 2
483.809 1
483.859 2
483.908 3
483.958 2
484.007 4
484.057 3
484.106 1
484.156 2
484.205 3
484.255 1
484.255 2
484.304 4
484.354 2
484.403 3
484.453 2
484.502 1
484.552 2
484.552 3
484.552 4
484.601 1
484.651 2
484.7 3
484.75 4
484.799 3
484.849 2
484.898 1
484.948 4
484.997 2
485.047 3
485.097 1
485.146 4
485.196 2
485.245 3
485.295 1
485.344 4
485.394 3
485.443 4
485.443 2
485.443 1
485.493 3
485.542 1
485.592 4
485.641 2
485.691 3
485.74 1
485.79 4
485.839 2
485.889 3
485.938 4
485.988 3
486.037 1
486.037 2
486.037 4
486.087 3
486.136 1
486.186 4
486.235 2
486.285 3
486.334 4
486.384 1
486.433 3
486.483 2
486.532 4
486.582 3
486.631 2
486.631 4
486.631 1
486.681 3
486.73 1
486.78 4
486.829 2
486.879 3
486.928 2
486.928 1
486.928 4
486.978 3
487.027 1
487.077 2
487.126 4
487.176 3
487.225 2
487.225 1
487.275 3
487.324 4
487.374 1
487.374 2
487.423 3
487.473 4
487.522 1
487.522 2
487.572 3
487.621 2
487.671 4
487.671 1
487.72 3
487.77 2
487.819 3
487.819 4
487.819 1
487.869 2
487.918 3
487.968 4
488.017 3
488.067 2
488.116 3
488.116 4
488.116 1
488.265 3
488.265 4
488.265 1
488.413 3
488.413 4
488.413 2
488.463 1
488.512 2
488.562 3
488.611 4
488.661 3
488.71 1
488.76 4
488.809 2
488.859 3
488.908 4
488.958 2
489.007 1
489.007 4
489.007 3
489.057 2
489.106 3
489.156 4
489.205 3
489.255 2
489.304 4
489.304 3
489.304 1
489.354 2
489.403 4
489.453 1
489.502 3
489.552 2
489.601 3
489.651 1
489.7 4
489.75 2
489.799 1
489.849 3
489.898 2
489.898 1
489.898 4
489.948 3
489.997 4
490.047 3
490.097 2
490.146 1
490.196 3
490.196 4
490.196 2
490.245 1
490.295 4
490.344 2
490.394 3
490.443 1
490.493 4
490.542 2
490.592 3
490.641 2
490.691 1
490.74 3
490.79 2
490.79 4
490.79 1
490.839 3
490.889 2
490.938 4
490.988 1
491.037 2
491.087 4
491.136 3
491.186 1
491.235 4
491.285 3
491.334 2
491.384 3
491.384 4
491.384 1
491.433 2
491.483 1
491.532 2
491.582 3
491.631 4
491.681 3
491.681 2
491.681 1
491.73 4
491.78 3
491.829 2
491.879 1
491.928 2
491.978 3
492.027 1
492.077 4
492.126 2
492.176 3
492.225 2
492.275 4
492.324 1
492.374 3
492.423 2
492.473 4
492.522 3
492.572 2
492.572 4
492.572 1
492.621 3
492.671 2
492.72 1
492.77 2
492.819 3
492.869 1
492.869 2
493.166 1
493.166 2
493.166 3
493.215 4
493.265 3
493.314 2
493.364 1
493.413 4
493.463 2
493.512 3
493.562 1
493.611 4
493.661 2
493.71 3
493.76 2
493.76 4
493.76 1
493.809 3
493.859 4
493.908 3
493.958 2
494.007 1
494.057 3
494.057 2
494.057 4
494.106 1
494.156 2
494.205 3
494.255 4
494.304 1
494.354 3
494.403 2
494.453 4
494.502 2
494.552 1
494.601 3
494.651 4
494.7 2
494.75 3
494.799 1
494.849 3
494.898 4
494.948 2
494.948 1
494.948 3
494.997 4
495.047 2
495.097 3
495.146 1
495.196 4
495.245 2
495.295 3
495.344 1
495.394 3
495.443 2
495.493 4
495.542 2
495.542 3
495.542 1
495.592 4
495.641 3
495.691 2
495.74 1
495.79 3
495.839 2
495.889 4
495.938 3
495.988 1
496.037 4
496.087 2
496.136 1
496.136 3
496.136 4
496.186 2
496.235 1
496.285 3
496.334 4
496.384 3
496.433 2
496.433 4
496.433 1
496.483 3
496.532 2
496.582 1
496.631 2
496.681 3
496.73 4
496.78 2
496.829 3
496.879 1
496.928 4
496.978 3
497.027 2
497.077 4
497.126 3
497.176 2
497.225 1
497.275 3
497.324 2
497.324 1
497.324 4
497.374 3
497.423 2
497.473 1
497.522 3
497.572 2
497.621 3
497.621 4
497.918 2
497.918 3
497.918 4
498.215 3
498.215 4
498.512 3
498.512 2
498.512 1
498.809 1
498.809 2
498.958 1
498.958 2
499.106 2
499.106 3
499.106 4
499.552 1
499.552 2
499.552 3
499.7 2
499.7 1
499.997 2
499.997 1
500.146 1
500.146 2
500.295 1
500.295 2
500.295 3
500.592 2
500.592 3
500.592 4
500.889 3
500.889 4
501.037 3
501.037 4
501.186 3
501.186 4
501.334 3
501.334 2
501.334 1
501.483 4
501.483 3
501.483 2
501.483 1
501.78 2
501.78 1
502.077 2
502.077 1
502.225 1
502.225 2
502.374 1
502.374 2
502.522 1
502.522 2
502.671 1
502.671 2
502.671 3
502.671 4
502.819 4
502.819 3
502.819 2
502.819 1
502.968 1
502.968 2
502.968 3
503.017 4
503.067 2
503.116 3
503.166 1
503.215 3
503.265 2
503.265 4
503.265 1
503.314 3
503.364 2
503.413 1
503.562 1
503.562 2
503.562 3
503.562 4
503.71 4
503.71 3
503.71 2
503.71 1
503.859 3
503.859 2
503.859 1
503.908 4
503.958 3
504.007 2
504.057 4
504.106 3
504.156 4
504.156 1
504.156 2
504.205 3
504.255 2
504.304 1
504.354 3
504.403 2
504.453 4
504.453 1
504.453 3
504.502 2
504.552 3
504.601 4
504.651 2
504.7 1
504.75 3
504.75 4
504.75 2
504.799 1
504.849 2
504.898 3
505.047 1
505.047 2
505.047 3
505.047 4
505.196 4
505.196 3
505.196 2
505.196 1
505.344 2
505.344 3
505.344 4
505.394 1
505.443 3
505.493 2
505.542 4
505.592 3
505.641 2
505.641 1
505.641 4
505.691 3
505.74 2
505.79 1
505.938 1
505.938 2
505.938 3
505.938 4
506.087 4
506.087 3
506.087 2
506.087 1
506.235 2
506.235 1
506.235 3
506.285 4
506.334 3
506.384 2
506.433 1
506.483 3
506.532 2
506.532 4
506.532 1
506.582 3
506.631 2
506.681 1
506.73 3
506.78 4
506.829 1
506.829 3
506.829 2
506.879 4
506.928 3
506.978 2
507.027 1
507.077 3
507.126 2
507.126 1
507.126 4
507.176 3
507.225 1
507.275 2
507.324 3
507.423 1
507.423 2
507.423 3
507.423 4
507.572 1
507.572 2
507.572 3
507.572 4
507.72 2
507.72 3
507.72 4
507.77 1
507.819 2
507.869 4
507.918 3
507.968 2
508.017 1
508.017 3
508.017 4
508.067 2
508.116 3
508.166 2
508.215 1
508.314 1
508.314 2
508.314 3
508.314 4
508.463 1
508.463 2
508.463 3
508.463 4
508.611 3
508.611 4
508.611 1
508.661 2
508.71 3
508.76 4
508.809 2
508.859 3
508.908 1
508.908 2
508.908 4
508.958 3
509.007 2
509.057 1
509.106 3
509.156 4
509.205 2
509.205 3
509.205 1
509.255 4
509.304 3
509.354 2
509.354 1
509.403 4
509.453 3
509.502 1
509.502 2
509.502 4
509.552 3
509.601 2
509.651 1
509.7 3
509.799 1
509.799 2
509.799 3
509.799 4
509.948 4
509.948 3
509.948 2
509.948 1
510.097 2
510.097 3
510.097 4
510.146 1
510.196 2
510.245 3
510.295 2
510.344 4
510.394 1
510.394 2
510.394 3
510.443 4
510.493 3
510.542 2
510.592 1
510.641 2
510.691 3
510.74 4
510.79 1
510.839 3
510.889 2
510.938 4
510.988 1
510.988 2
510.988 3
511.037 4
511.087 3
511.136 2
511.186 4
511.235 1
511.285 3
511.285 4
511.285 2
511.334 1
511.384 2
511.433 3
511.483 1
511.532 3
511.582 4
511.582 2
511.582 1
511.631 3
511.681 2
511.73 1
511.78 3
511.829 4
511.879 2
511.879 1
511.879 3
511.928 4
511.978 2
512.027 1
512.077 3
512.176 1
512.176 2
512.176 3
512.176 4
512.324 4
512.324 3
512.324 2
512.324 1
512.473 1
512.473 3
512.473 4
512.522 2
512.572 3
512.621 4
512.671 1
512.72 3
512.77 2
512.77 4
512.77 1
512.819 3
512.869 2
512.918 4
512.968 1
513.067 1
513.067 2
513.067 4
513.067 3
513.215 4
513.215 3
513.215 1
513.215 2
513.364 3
513.364 1
513.364 2
513.413 4
513.463 3
513.512 2
513.562 1
513.611 3
513.661 2
513.661 4
513.661 1
513.71 3
513.76 2
513.809 1
513.859 2
513.908 4
513.958 1
513.958 2
513.958 3
514.007 4
514.057 3
514.106 2
514.156 1
514.205 3
514.255 1
514.255 2
514.255 4
514.304 3
514.354 2
514.403 1
514.453 3
514.552 1
514.552 2
514.552 3
514.552 4
514.7 4
514.7 3
514.7 2
514.7 1
514.849 2
514.849 1
514.849 3
514.898 4
514.948 3
514.997 2
515.047 4
515.097 1
515.146 2
515.146 4
515.146 3
515.196 1
515.245 2
515.295 4
515.344 3
515.443 1
515.443 2
515.443 3
515.443 4
515.592 4
515.592 3
515.592 1
515.592 2
515.74 2
515.74 3
515.74 4
515.79 1
515.839 2
515.889 3
515.938 4
515.988 2
516.037 1
516.037 3
516.037 4
516.087 2
516.136 3
516.186 4
516.235 2
516.285 3
516.334 4
516.334 1
516.334 2
516.384 3
516.433 2
516.483 1
516.532 3
516.582 4
516.631 1
516.631 2
516.631 3
516.681 4
516.73 3
516.78 2
516.829 4
516.928 1
516.928 2
516.928 3
516.928 4
517.077 4
517.077 3
517.077 2
517.077 1
517.225 3
517.225 2
517.225 1
517.275 4
517.324 3
517.374 2
517.423 3
517.473 4
517.522 2
517.522 1
517.522 3
517.572 4
517.621 3
517.671 2
517.72 1
517.819 1
517.819 2
517.819 3
517.819 4
517.968 4
517.968 3
517.968 2
517.968 1
518.116 1
518.116 3
518.116 4
518.166 2
518.215 3
518.265 4
518.314 1
518.364 3
518.413 2
518.413 4
518.413 1
518.463 3
518.512 2
518.562 4
518.611 3
518.661 1
518.71 3
518.71 4
518.71 2
518.76 1
518.809 2
518.859 3
518.908 1
518.958 2
519.007 1
519.007 3
519.007 4
519.057 2
519.106 3
519.156 1
519.205 4
519.304 1
519.304 2
519.304 4
519.304 3
519.453 1
519.453 2
519.453 4
519.453 3
519.601 1
519.601 2
519.601 3
519.651 4
519.7 3
519.75 1
519.799 2
519.849 3
519.898 2
519.898 4
519.898 1
519.948 3
519.997 2
520.047 4
520.097 3
520.097 1
520.196 4
520.196 3
520.245 2
520.295 1
520.344 3
520.344 4
520.394 2
520.443 4
520.493 1
520.493 2
520.493 3
520.542 4
520.592 3
520.641 2
520.691 1
520.74 3
520.79 2
520.79 4
520.79 1
520.839 3
520.889 2
520.938 1
520.988 2
521.037 3
521.087 1
521.087 2
521.087 4
521.136 3
521.186 2
521.235 1
521.285 2
521.334 3
521.384 4
521.384 1
521.384 2
521.433 3
521.483 4
521.532 3
521.582 2
521.681 1
521.681 2
521.681 3
521.681 4
521.829 4
521.829 3
521.829 2
521.829 1
521.978 1
521.978 2
521.978 4
522.027 3
522.077 2
522.126 1
522.176 3
522.225 2
522.275 1
522.275 3
522.275 4
522.324 2
522.374 3
522.423 4
522.473 2
522.572 1
522.572 2
522.572 3
522.572 4
522.72 4
522.72 2
522.72 1
522.72 3
522.869 1
522.869 4
522.869 3
522.918 2
522.968 3
523.017 4
523.067 2
523.116 3
523.166 1
523.166 4
523.166 2
523.215 3
523.265 2
523.314 1
523.364 3
523.413 2
523.463 1
523.463 3
523.463 4
523.512 2
523.562 3
523.611 4
523.661 2
523.71 1
523.76 3
523.76 4
523.76 2
523.809 1
523.859 2
523.908 3
523.958 4
524.057 1
524.057 2
524.057 3
524.057 4
524.205 4
524.205 3
524.205 2
524.205 1
524.354 2
524.354 3
524.354 4
524.403 1
524.453 2
524.502 3
524.552 1
524.601 3
524.651 1
524.651 2
524.651 4
524.7 3
524.75 1
524.799 2
524.849 3
524.948 1
524.948 2
524.948 3
524.948 4
525.097 4
525.097 3
525.097 2
525.097 1
525.245 1
525.245 3
525.245 2
525.295 4
525.344 3
525.394 1
525.443 2
525.493 3
525.542 2
525.542 4
525.542 1
525.592 3
525.641 1
525.691 2
525.74 3
525.79 1
525.839 4
525.839 2
525.839 3
525.889 1
525.938 2
525.988 3
526.037 4
526.087 3
526.136 2
526.136 4
526.136 1
526.186 3
526.235 1
526.285 2
526.334 4
526.433 2
526.433 3
526.433 4
526.433 1
526.582 1
526.582 2
526.582 3
526.582 4
526.73 1
526.73 2
526.73 3
526.78 4
526.829 3
526.879 2
526.928 4
526.978 1
527.027 2
527.027 3
527.027 4
527.077 1
527.126 3
527.176 2
527.225 1
527.324 1
527.324 2
527.324 3
527.324 4
527.473 4
527.473 3
527.473 2
527.473 1
527.621 3
527.621 4
527.621 1
527.671 2
527.72 3
527.77 4
527.819 2
527.869 1
527.918 3
527.918 4
527.918 2
527.968 1
528.017 3
528.067 2
528.116 4
528.166 3
528.215 2
528.215 4
528.215 1
528.265 3
528.314 4
528.364 1
528.364 2
528.413 3
528.463 4
528.512 3
528.512 2
528.512 1
528.562 4
528.611 3
528.661 2
528.71 1
528.809 1
528.809 2
528.809 3
528.809 4
528.958 4
528.958 3
528.958 2
528.958 1
529.106 1
529.106 2
529.106 4
529.156 3
529.205 2
529.255 1
529.304 4
529.354 2
529.403 4
529.403 1
529.403 3
529.453 2
529.502 1
529.552 2
529.601 3
529.651 4
529.7 2
529.7 1
529.75 4
529.799 3
529.849 1
529.849 2
529.898 4
529.948 3
529.997 1
529.997 2
529.997 4
530.047 3
530.097 2
530.146 1
530.196 3
530.245 2
530.295 4
530.295 3
530.295 1
530.344 2
530.394 3
530.443 1
530.493 4
530.542 2
530.592 1
530.592 3
530.592 4
530.641 2
530.691 3
530.74 4
530.79 1
530.839 3
530.889 2
530.889 4
530.889 1
530.938 3
530.988 2
531.037 1
531.087 3
531.186 1
531.186 2
531.186 3
531.186 4
531.334 4
531.334 3
531.334 2
531.334 1
531.483 1
531.483 2
531.483 3
531.532 4
531.582 3
531.631 2
531.681 1
531.73 3
531.78 2
531.78 4
531.78 1
531.829 3
531.879 2
531.928 1
531.978 3
532.077 2
532.077 3
532.077 4
532.077 1
532.225 4
532.225 2
532.225 1
532.225 3
532.374 2
532.374 3
532.374 4
532.423 1
532.473 2
532.522 3
532.572 1
532.621 2
532.671 1
532.671 3
532.671 4
532.72 2
532.77 4
532.819 1
532.869 3
532.918 2
532.968 3
532.968 4
532.968 1
533.017 2
533.067 4
533.116 1
533.116 3
533.166 2
533.215 3
533.265 1
533.265 2
533.265 4
533.314 3
533.364 1
533.413 4
533.463 2
533.562 1
533.562 3
533.562 4
533.562 2
533.71 4
533.71 3
533.71 1
533.71 2
533.859 2
533.859 3
533.859 4
533.908 1
533.958 2
534.007 3
534.057 4
534.106 2
534.156 1
534.156 3
534.156 4
534.205 2
534.255 3
534.304 1
534.354 2
534.453 1
534.453 2
534.453 3
534.453 4
534.601 4
534.601 3
534.601 2
534.601 1
534.75 1
534.75 3
534.75 4
534.799 2
534.849 3
534.898 4
534.948 1
534.997 3
535.047 1
535.047 4
535.047 2
535.097 3
535.146 2
535.196 1
535.245 3
535.295 2
535.344 3
535.344 4
535.344 1
535.394 2
535.443 4
535.493 1
535.542 2
535.592 3
535.641 1
535.641 2
535.641 4
535.691 3
535.74 2
535.79 1
535.839 3
535.938 1
535.938 2
535.938 4
535.938 3
536.087 4
536.087 2
536.087 3
536.087 1
536.235 2
536.235 3
536.235 4
536.285 1
536.334 2
536.384 3
536.433 2
536.483 1
536.532 2
536.532 3
536.532 4
536.582 1
536.631 4
536.681 2
536.73 3
536.829 1
536.829 3
536.829 4
536.829 2
536.978 1
536.978 2
536.978 3
536.978 4
537.126 2
537.126 3
537.126 4
537.176 1
537.225 2
537.275 3
537.324 4
537.374 3
537.423 1
537.423 2
537.423 4
537.473 3
537.522 2
537.572 1
537.621 2
537.671 3
537.72 2
537.72 4
537.72 1
537.77 3
537.819 4
537.869 3
537.918 2
537.968 1
538.017 2
538.017 3
538.017 4
538.067 1
538.116 2
538.166 3
538.215 4
538.314 1
538.314 2
538.314 3
538.314 4
538.463 4
538.463 3
538.463 2
538.463 1
538.611 1
538.611 2
538.611 3
538.661 4
538.71 2
538.76 3
538.809 1
538.859 2
538.908 3
538.908 4
538.908 1
538.958 2
539.007 4
539.057 1
539.106 3
539.156 2
539.205 4
539.205 3
539.255 1
539.304 2
539.354 3
539.354 4
539.403 1
539.453 2
539.502 1
539.502 3
539.502 4
539.552 2
539.601 3
539.651 4
539.7 3
539.75 2
539.799 3
539.799 4
539.799 1
539.849 2
539.898 1
539.948 2
539.997 3
540.047 4
540.097 1
540.097 2
540.097 3
540.146 4
540.196 3
540.245 2
540.295 1
540.344 2
540.394 3
540.394 4
540.394 1
540.443 2
540.493 3
540.542 4
540.592 3
540.641 2
540.691 1
540.691 3
540.691 4
540.74 2
540.79 4
540.839 1
540.889 3
540.938 2
541.037 3
541.037 2
541.037 4
541.087 1
541.136 2
541.186 3
541.235 4
541.285 2
541.285 1
541.285 3
541.334 4
541.384 1
541.384 3
541.483 2
541.532 3
541.582 2
541.582 1
541.631 4
541.681 3
541.73 2
541.73 1
541.78 4
541.829 3
541.879 4
541.879 1
541.879 2
541.928 3
541.978 2
542.027 4
542.077 1
542.077 3
542.126 2
542.176 3
542.176 1
542.225 2
542.225 4
542.275 3
542.324 2
542.374 1
542.374 4
542.423 3
542.473 2
542.473 4
542.473 1
542.522 3
542.572 2
542.621 1
542.621 4
542.671 3
542.72 2
542.77 3
542.77 1
542.77 4
542.819 2
542.869 4
542.918 3
542.968 2
543.017 1
543.067 3
543.067 4
543.116 2
543.166 1
543.215 3
543.215 4
543.265 2
543.314 1
543.364 2
543.364 3
543.364 4
543.413 1
543.463 3
543.512 2
543.562 3
543.611 1
543.661 2
543.661 3
543.661 4
543.71 1
543.76 2
543.809 4
543.859 3
543.908 1
543.958 3
543.958 4
543.958 2
544.007 1
544.057 2
544.106 3
544.106 4
544.106 1
544.156 2
544.205 3
544.255 1
544.255 4
544.255 2
544.304 3
544.354 4
544.403 1
544.453 2
544.502 3
544.552 2
544.552 4
544.552 1
544.601 3
544.651 4
544.7 2
544.75 1
544.799 3
544.849 4
544.849 2
544.849 1
544.898 3
544.948 2
544.997 4
545.047 1
545.097 3
545.146 2
545.146 4
545.146 1
545.196 3
545.245 2
545.295 1
545.344 3
545.394 4
545.443 1
545.443 2
545.493 3
545.542 4
545.592 1
545.592 2
545.641 3
545.691 4
545.74 2
545.74 3
545.74 1
545.79 4
545.839 2
545.889 3
545.938 2
545.988 1
546.037 2
546.037 3
546.037 4
546.087 1
546.136 4
546.186 3
546.235 2
546.285 3
546.334 1
546.334 2
546.384 3
546.433 4
546.483 1
546.483 2
546.532 3
546.582 4
546.631 3
546.631 2
546.631 1
546.681 4
546.73 1
546.78 3
546.829 2
546.879 3
546.928 1
546.928 2
546.928 4
546.978 3
547.027 2
547.077 1
547.126 3
547.176 2
547.225 3
547.225 4
547.225 1
547.275 2
547.324 4
547.374 3
547.423 2
547.473 1
547.522 2
547.522 3
547.522 4
547.572 1
547.621 3
547.671 2
547.72 4
547.77 3
547.819 2
547.819 1
547.819 4
547.869 3
547.918 4
547.968 2
548.017 1
548.067 2
548.116 3
548.116 4
548.116 1
548.166 2
548.215 3
548.265 4
548.314 2
548.364 1
548.413 3
548.413 4
548.413 2
548.463 1
548.512 3
548.562 2
548.611 4
548.661 3
548.71 2
548.71 1
548.76 3
548.809 4
548.859 1
548.859 2
548.908 3
548.958 4
549.007 1
549.007 2
549.007 3
549.057 4
549.106 3
549.156 2
549.205 1
549.255 3
549.304 1
549.304 4
549.304 2
549.354 3
549.403 2
549.453 4
549.502 1
549.552 4
549.601 2
549.601 3
549.601 1
549.651 4
549.7 2
549.75 3
549.799 1
549.849 4
549.898 1
549.898 2
549.898 3
549.948 4
549.997 3
550.047 1
550.097 2
550.146 3
550.196 4
550.196 2
550.196 1
550.245 3
550.295 2
550.344 4
550.394 3
550.443 1
550.493 2
550.493 3
550.493 4
550.542 1
550.592 2
550.641 4
550.691 3
550.74 2
550.79 3
550.79 4
550.79 1
550.839 2
550.889 4
550.938 3
550.988 1
551.037 2
551.087 3
551.087 4
551.136 1
551.186 2
551.235 3
551.235 4
551.285 1
551.334 2
551.384 3
551.384 1
551.384 4
551.433 2
551.483 3
551.532 1
551.582 4
551.631 2
551.681 3
551.681 4
551.681 1
551.73 2
551.78 4
551.829 1
551.879 3
551.928 2
551.978 1
551.978 3
551.978 4
552.027 2
552.077 3
552.126 2
552.176 1
552.225 3
552.275 4
552.275 1
552.275 2
552.324 3
552.374 1
552.423 2
552.473 3
552.522 2
552.572 4
552.572 3
552.621 1
552.671 2
552.72 3
552.72 4
552.77 1
552.819 2
552.869 3
552.869 4
552.869 1
552.918 2
552.968 3
553.017 1
553.067 2
553.067 4
553.116 3
553.166 2
553.166 4
553.166 1
553.215 3
553.265 2
553.314 4
553.364 1
553.413 3
553.463 2
553.463 1
553.512 3
553.562 4
553.611 1
553.611 2
553.661 3
553.71 4
553.76 3
553.76 1
553.76 2
553.809 4
553.859 2
553.908 3
553.958 1
554.007 2
554.057 3
554.057 4
554.057 1
554.106 2
554.156 4
554.205 3
554.255 1
554.304 2
554.354 1
554.354 3
554.354 4
554.403 2
554.453 4
554.502 3
554.552 1
554.601 4
554.651 1
554.651 2
554.651 3
554.7 4
554.75 2
554.799 1
554.849 2
554.898 3
554.948 2
554.948 1
554.948 4
554.997 3
555.047 1
555.097 4
555.146 2
555.196 3
555.245 2
555.245 4
555.245 1
555.295 3
555.344 2
555.394 3
555.443 1
555.493 2
555.542 3
555.542 1
555.542 4
555.592 2
555.641 4
555.691 3
555.74 1
555.79 2
555.839 3
555.839 4
555.839 1
555.889 2
555.938 1
555.988 3
555.988 4
556.037 2
556.087 1
556.136 4
556.136 3
556.136 2
556.186 1
556.235 2
556.285 3
556.334 4
556.334 1
556.384 2
556.433 1
556.433 3
556.433 4
556.483 2
556.532 4
556.582 3
556.631 1
556.681 2
556.73 3
556.73 4
556.73 1
556.78 2
556.829 4
556.879 2
556.928 3
556.978 1
557.027 2
557.027 3
557.027 4
557.077 1
557.126 3
557.176 2
557.225 4
557.275 3
557.324 2
557.324 1
557.374 4
557.423 3
557.473 1
557.473 2
557.522 4
557.572 3
557.621 2
557.621 1
557.621 4
557.671 3
557.72 1
557.77 4
557.819 2
557.869 3
557.918 1
557.918 2
557.918 4
557.968 3
558.017 2
558.067 4
558.116 1
558.166 3
558.215 1
558.215 2
558.265 4
558.314 3
558.364 1
558.364 2
558.413 4
558.463 3
558.512 2
558.512 1
558.512 4
558.562 3
558.611 2
558.661 1
558.71 2
558.76 3
558.809 2
558.809 1
558.809 4
558.859 3
558.908 2
558.958 1
559.007 2
559.057 3
559.106 2
559.106 4
559.106 1
559.156 3
559.205 4
559.255 3
559.304 2
559.354 1
559.403 3
559.403 2
559.403 4
559.453 1
559.502 2
559.552 3
559.552 4
559.601 2
559.651 1
559.7 3
559.7 4
559.75 2
559.799 1
559.849 3
559.898 2
559.948 4
559.997 2
559.997 3
559.997 1
560.047 4
560.097 1
560.146 3
560.196 2
560.245 1
560.295 2
560.295 3
560.295 4
560.344 1
560.394 3
560.443 2
560.493 4
560.542 3
560.592 2
560.592 1
560.641 3
560.691 4
560.74 1
560.74 2
560.79 3
560.839 4
560.889 2
560.889 1
560.889 3
560.938 4
560.988 2
561.037 3
561.087 1
561.136 2
561.186 3
561.186 1
561.186 4
561.235 2
561.285 4
561.334 1
561.384 3
561.433 2
561.483 3
561.483 1
561.483 4
561.532 2
561.582 3
561.631 1
561.681 2
561.681 4
561.73 3
561.78 2
561.78 4
561.78 1
561.829 3
561.879 1
561.928 2
561.928 4
561.978 3
562.027 1
562.077 3
562.077 4
562.126 2
562.176 1
562.225 4
562.225 3
562.275 2
562.324 1
562.374 3
562.374 2
562.374 4
562.423 1
562.473 2
562.522 4
562.572 3
562.621 1
562.671 3
562.671 2
562.671 4
562.72 1
562.77 2
562.819 4
562.869 3
562.918 2
562.968 3
562.968 4
563.017 1
563.067 2
563.116 3
563.116 4
563.166 1
563.215 2
563.265 3
563.265 4
563.265 1
563.314 2
563.364 3
563.413 1
563.463 2
563.512 4
563.562 2
563.562 3
563.562 1
563.611 4
563.661 3
563.71 1
563.76 2
563.809 3
563.859 1
563.859 2
563.859 4
563.908 3
563.958 4
564.007 1
564.057 2
564.106 3
564.156 2
564.156 4
564.156 1
564.205 3
564.255 1
564.304 4
564.354 2
564.403 3
564.453 1
564.453 2
564.502 3
564.552 4
564.601 1
564.601 2
564.651 3
564.7 4
564.75 3
564.75 2
564.75 1
564.799 4
564.849 2
564.898 3
564.948 1
564.997 2
565.047 3
565.047 1
565.047 4
565.097 2
565.146 4
565.196 3
565.245 1
565.295 4
565.344 2
565.344 1
565.394 3
565.443 4
565.493 1
565.493 2
565.542 3
565.592 4
565.641 2
565.641 3
565.641 1
565.691 4
565.74 2
565.79 3
565.839 1
565.889 2
565.938 1
565.938 4
565.938 3
565.988 2
566.037 4
566.087 1
566.136 3
566.186 2
566.235 3
566.235 1
566.235 4
566.285 2
566.334 3
566.384 4
566.433 3
566.483 2
566.532 3
566.532 4
566.532 1
566.582 2
566.631 3
566.681 1
566.73 2
566.78 4
566.829 2
566.829 1
566.879 3
566.928 4
566.978 2
566.978 1
567.027 3
567.077 4
567.126 3
567.126 2
567.126 1
567.176 4
567.225 2
567.275 3
567.324 1
567.374 2
567.423 3
567.423 1
567.423 4
567.473 2
567.522 1
567.572 3
567.621 4
567.671 2
567.72 3
567.72 4
567.77 1
567.819 2
567.869 3
567.869 4
567.918 1
567.968 2
568.017 3
568.017 4
568.017 1
568.067 2
568.116 1
568.166 2
568.215 3
568.265 4
568.314 2
568.314 1
568.314 3
568.364 4
568.413 3
568.463 2
568.512 1
568.562 2
568.611 3
568.611 4
568.611 1
568.661 2
568.71 3
568.76 4
568.809 3
568.859 2
568.908 1
568.908 3
568.908 4
568.958 2
569.007 3
569.057 1
569.106 4
569.205 1
569.205 2
569.205 4
569.205 3
569.354 4
569.354 3
569.354 2
569.354 1
569.502 3
569.502 4
569.502 2
569.552 1
569.601 2
569.651 4
569.7 2
569.75 3
569.799 1
569.799 2
569.799 4
569.849 3
569.898 1
569.948 4
569.997 2
570.097 2
570.097 1
570.097 3
570.097 4
570.245 1
570.245 2
570.245 3
570.245 4
570.394 4
570.394 3
570.394 2
570.443 1
570.493 2
570.542 3
570.592 4
570.641 1
570.691 4
570.691 2
570.691 3
570.74 1
570.79 3
570.839 2
570.889 4
570.938 3
570.988 2
570.988 4
570.988 1
571.037 3
571.087 2
571.136 1
571.186 3
571.235 4
571.285 3
571.285 1
571.285 2
571.334 4
571.384 2
571.433 3
571.483 1
571.582 3
571.582 4
571.582 1
571.582 2
571.73 3
571.73 4
571.73 1
571.73 2
571.879 2
571.879 1
571.879 4
571.928 3
571.978 1
572.027 3
572.077 2
572.126 1
572.176 2
572.176 3
572.176 4
572.225 1
572.275 3
572.324 2
572.374 4
572.473 4
572.473 2
572.473 1
572.473 3
572.621 3
572.621 4
572.621 1
572.621 2
572.77 3
572.77 2
572.77 1
572.819 4
572.869 2
572.918 3
572.968 1
573.017 3
573.067 2
573.067 4
573.067 1
573.116 3
573.166 1
573.215 4
573.265 2
573.314 3
573.364 1
573.364 2
573.364 4
573.413 3
573.463 1
573.512 4
573.562 2
573.611 3
573.661 2
573.661 4
573.661 1
573.71 3
573.76 2
573.809 1
573.859 3
573.958 3
573.958 4
573.958 2
573.958 1
574.106 3
574.106 4
574.106 1
574.106 2
574.255 2
574.255 1
574.255 4
574.304 3
574.354 2
574.403 4
574.453 1
574.502 3
574.552 2
574.552 4
574.552 1
574.601 3
574.651 1
574.7 4
574.75 2
574.849 3
574.849 4
574.849 2
574.849 1
574.997 3
574.997 4
574.997 1
574.997 2
575.146 2
575.146 1
575.146 4
575.196 3
575.245 2
575.295 4
575.344 1
575.394 3
575.443 2
575.443 4
575.443 1
575.493 3
575.542 1
575.592 4
575.641 2
575.691 3
575.74 2
575.74 1
575.74 4
575.79 3
575.839 1
575.889 4
575.938 2
575.988 3
576.037 2
576.037 4
576.037 1
576.087 3
576.136 1
576.186 2
576.235 4
576.334 3
576.334 4
576.334 2
576.334 1
576.483 3
576.483 4
576.483 1
576.483 2
576.631 3
576.631 2
576.631 1
576.681 4
576.73 2
576.78 1
576.829 3
576.879 2
576.928 3
576.928 4
576.928 1
576.978 2
577.027 3
577.077 4
577.126 1
577.176 3
577.225 2
577.275 4
577.324 1
577.374 3
577.423 2
577.473 3
577.522 1
577.522 2
577.522 4
577.819 2
577.819 3
577.819 4
578.116 3
578.116 2
578.116 1
578.413 2
578.413 3
578.413 4
578.71 1
579.304 3
579.601 2
579.601 1
579.75 1
579.75 2
579.898 1
580.493 4
581.087 1
581.087 2
581.087 3
581.235 3
581.235 2
581.384 3
581.384 2
581.681 4
582.275 1
582.869 4
583.463 3
583.463 2
583.463 1
583.611 1
583.611 2
583.76 1
583.76 2
584.057 1
584.057 2
584.057 4
584.651 4
585.245 2
585.245 1
585.245 3
585.394 2
585.394 1
585.542 1
585.542 2
585.839 4
586.433 2
587.027 4
587.621 1
588.364 4
589.7 1
589.997 2
590.295 3
590.592 4
592.077 4
592.374 3
592.671 2
592.968 1
594.453 4
594.75 3
595.047 2
595.344 1
596.532 4