0.203 2
0.598 3
0.598 4
1.387 1
2.176 4
2.966 2
3.755 1
4.545 4
5.334 2
5.334 3
6.913 1
6.913 4
7.703 3
7.999 2
8.295 1
8.492 4
8.887 2
9.282 4
9.676 3
10.071 1
10.861 2
11.157 2
11.453 3
11.65 4
12.045 3
12.44 2
12.834 1
13.229 4
13.624 3
14.019 2
14.413 4
14.808 1
15.104 2
15.4 3
15.597 1
16.387 1
16.584 1
16.782 2
16.782 3
17.176 4
17.374 4
17.571 3
17.571 2
18.163 2
18.459 3
18.755 1
19.545 3
19.545 4
21.124 2
21.124 3
22.703 1
22.703 2
24.282 1
24.282 4
25.071 2
25.071 3
25.466 4
25.861 1
26.255 4
26.65 3
27.045 1
27.44 2
27.834 4
28.229 3
28.624 2
29.019 1
29.413 3
29.808 2
30.203 4
30.597 1
30.597 3
31.387 3
31.387 4
31.782 1
32.176 4
32.571 2
32.966 3
33.361 1
33.755 2
34.15 3
34.545 4
34.94 1
35.334 3
35.729 2
36.124 4
36.519 1
36.913 3
37.308 4
37.703 1
37.703 2
38.097 3
38.097 4
38.492 1
38.887 4
39.282 1
39.676 2
40.071 4
40.466 2
40.861 3
41.255 1
41.453 2
41.65 1
41.65 4
42.045 2
42.045 3
42.44 3
42.44 4
42.834 1
43.032 2
43.032 4
43.624 1
43.624 2
44.019 3
44.019 4
44.413 1
44.808 3
44.808 4
45.203 2
45.597 2
45.894 1
46.19 3
46.387 2
46.387 1
46.782 4
47.176 3
47.571 2
47.966 1
47.966 4
48.361 3
48.755 1
49.15 3
49.545 2
49.545 4
49.94 1
50.334 3
50.729 2
51.124 4
51.519 1
51.913 3
52.308 1
52.703 2
52.703 4
53.097 3
53.492 2
53.887 1
54.282 3
54.676 2
55.071 4
55.466 3
55.861 1
56.255 3
56.65 2
57.045 4
57.44 3
57.637 1
57.834 3
57.834 4
58.229 2
58.426 4
58.624 1
58.624 2
59.019 3
59.315 1
59.611 4
59.808 2
60.203 1
60.597 2
60.597 4
60.992 3
61.387 1
61.782 4
62.176 1
62.176 3
62.571 2
62.966 4
63.361 3
63.755 2
64.15 3
64.545 1
64.94 2
65.334 1
65.334 4
65.729 3
66.124 2
66.519 1
66.913 4
67.308 2
67.703 4
68.097 3
68.492 1
68.887 2
69.282 4
69.676 3
70.071 1
70.071 2
70.466 3
70.466 4
70.861 1
70.861 3
71.453 2
71.453 4
72.045 4
72.44 3
72.834 1
73.229 4
73.624 3
74.019 1
74.413 3
74.808 2
75.203 1
75.597 4
75.992 3
76.387 1
76.683 1
76.979 1
77.374 3
77.571 2
77.769 1
77.966 4
78.262 4
78.558 4
78.953 1
79.15 2
79.347 3
79.545 4
79.94 1
80.334 2
80.729 3
81.124 1
81.519 4
81.913 2
82.308 1
82.703 3
82.703 4
83.097 1
83.492 2
83.492 3
83.887 1
84.282 4
84.282 3
84.676 2
85.071 1
85.466 3
85.861 1
85.861 4
86.255 3
86.65 1
86.65 2
87.045 4
87.44 3
87.637 1
87.637 2
87.933 4
87.933 3
88.229 1
88.229 2