0.005 1
0.104 2
0.203 3
0.598 4
0.598 2
0.598 1
0.795 3
0.894 4
0.894 2
0.992 3
0.992 1
1.091 2
1.19 3
1.19 4
1.288 1
1.387 2
1.387 3
1.486 4
1.486 1
1.584 3
1.683 1
1.782 2
1.782 4
1.88 3
1.979 2
2.078 1
2.176 3
2.176 4
2.275 2
2.374 4
2.472 3
2.472 1
2.571 2
2.571 4
2.67 1
2.769 3
2.769 4
2.867 2
2.966 1
2.966 3
3.065 2
3.065 4
3.163 3
3.262 1
3.361 2
3.361 3
3.459 4
3.558 1
3.657 3
3.755 2
3.755 1
3.805 4
3.854 3
3.903 2
3.953 1
4.051 3
4.051 4
4.15 2
4.15 1
4.249 4
4.347 3
4.347 1
4.545 2
4.545 3
4.644 4
4.644 1
4.742 2
4.742 3
4.94 4
4.94 2
5.137 3
5.137 1
5.236 2
5.334 1
5.334 3
5.334 4
6.124 1
6.222 2
6.321 4
6.42 1
6.519 3
6.617 4
6.716 2
6.815 3
6.913 2
6.913 1
6.913 4
7.012 3
7.111 2
7.111 1
7.111 4
7.209 3
7.308 1
7.308 4
7.407 2
7.505 1
7.505 4
7.505 3
7.604 2
7.703 4
7.703 3
7.801 1
7.9 2
7.9 3
7.9 4
7.999 1
8.097 2
8.097 3
8.295 1
8.295 3
8.295 4
8.492 2
8.492 4
8.69 2
8.69 3
8.69 1
8.887 3
8.887 4
9.084 4
9.084 2
9.084 1
9.183 3
9.282 1
9.282 4
9.479 3
9.479 4
9.479 2
9.676 2
9.676 1
9.874 1
9.874 3
9.874 4
10.071 2
10.071 3
10.071 4
10.071 1
10.269 1
10.269 2
10.269 4
10.367 3
10.466 2
10.466 4
10.663 1
10.663 4
10.663 3
10.762 2
10.861 1
10.861 3
11.058 2
11.058 3
11.058 4
11.157 1
11.255 2
11.255 4
11.453 1
11.453 3
11.453 4
11.65 2
11.65 1
11.65 3
11.65 4
11.847 2
11.847 1
11.847 3
12.045 2
12.045 4
12.242 1
12.242 3
12.242 4
12.44 2
12.44 1
12.44 3
12.44 4
12.637 2
12.637 1
12.736 3
12.736 4
12.834 2
12.834 1
12.933 4
12.933 3
13.032 2
13.032 1
13.13 3
13.229 4
13.229 2
13.229 1
13.328 3
13.426 2
13.426 1
13.426 4
13.525 3
13.624 2
13.624 4
13.722 1
13.821 2
13.821 3
13.821 4
13.92 1
14.019 2
14.019 3
14.117 4
14.216 3
14.216 2
14.216 1
14.315 4
14.413 3
14.413 1
14.512 2
14.611 1
14.611 3
14.611 4
14.808 2
14.808 4
15.005 3
15.005 1
15.005 2
15.104 4
15.203 1
15.203 3
15.301 2
15.4 1
15.4 3
15.4 4
15.597 2
15.597 3
15.795 2
15.795 1
15.861 3
15.861 4
15.926 2
15.926 1
15.992 3
15.992 4
16.19 2
16.19 1
16.19 3
16.387 1
16.387 4
16.584 2
16.584 3
16.782 1
16.782 3
16.782 4
16.782 2
16.979 1
17.176 4
17.176 2
17.374 3
17.374 1
17.571 4
17.571 1
17.571 2
17.571 3
17.769 4
17.966 2
17.966 1
18.065 3
18.163 2
18.163 1
18.163 4
18.262 3
18.361 2
18.459 1
18.459 3
18.459 4
18.558 2
18.657 3
18.755 2
18.755 4
18.755 1
19.545 2
19.545 3
19.545 4
21.124 2
21.124 1
21.124 4
22.703 1
22.703 3
22.703 4
24.282 2
24.282 3
24.282 1
24.874 1
25.071 2
25.071 3
25.071 4
25.367 2
25.367 1
25.466 3
25.466 4
25.663 2
25.663 1
25.762 3
25.861 4
25.861 2
25.861 1
26.058 3
26.058 4
26.157 2
26.157 1
26.255 3
26.255 4
26.354 2
26.354 1
26.453 3
26.453 4
26.65 1
26.65 4
26.749 2
26.749 3
26.847 4
26.847 1
26.946 3
26.946 2
27.045 4
27.045 1
27.242 2
27.242 3
27.341 1
27.44 2
27.44 3
27.44 4
27.637 3
27.637 1
27.736 2
27.736 4
27.834 3
27.834 1
27.933 2
28.032 3
28.032 4
28.13 2
28.13 1
28.229 3
28.229 4
28.328 2
28.328 1
28.426 3
28.426 4
28.525 2
28.624 1
28.624 4
28.722 3
28.722 2
28.821 4
28.821 1
28.92 3
29.019 1
29.019 4
29.019 2
29.216 3
29.216 2
29.315 4
29.315 1
29.413 3
29.413 2
29.512 1
29.611 3
29.611 4
29.709 2
29.709 1
29.808 3
29.808 4
29.907 2
29.907 1
30.005 3
30.005 4
30.203 2
30.203 1
30.301 3
30.301 4
30.4 2
30.4 1
30.499 3
30.597 4
30.597 2
30.597 1
31.19 1
31.288 2
31.338 3
31.387 4
31.387 1
31.683 3
31.683 4
31.782 2
31.782 1
31.979 1
31.979 4
32.078 3
32.176 1
32.176 2
32.176 4
32.472 3
32.571 2
32.571 1
32.769 4
32.867 2
32.966 1
32.966 3
33.262 2
33.361 3
33.361 4
33.558 1
33.755 2
33.755 4
33.854 3
33.953 1
34.051 2
34.15 3
34.15 1
34.298 4
34.347 3
34.397 2
34.446 1
34.545 3
34.545 4
34.742 2
34.841 4
34.94 3
34.94 1
35.137 2
35.334 1
35.334 3
35.334 4
35.63 3
35.729 2
35.729 1
35.926 4
36.124 3
36.124 1
36.321 2
36.42 3
36.519 1
36.519 4
36.716 2
36.913 1
36.913 3
37.061 4
37.111 2
37.209 1
37.308 4
37.308 3
37.407 2
37.505 1
37.703 2
37.703 4
37.9 1
38.097 2
38.097 3
38.492 1
38.492 2
38.492 4
38.591 3
38.69 4
38.69 2
38.69 1
38.788 3
38.887 1
38.887 4
38.986 2
39.084 1
39.084 3
39.084 4
39.183 2
39.282 1
39.282 3
39.38 4
39.479 3
39.479 2
39.479 1
39.578 4
39.676 3
39.676 2
39.775 1
39.874 2
39.874 3
39.874 4
40.071 1
40.071 4
40.269 2
40.269 1
40.269 3
40.466 4
40.466 3
40.565 2
40.663 4
40.663 1
40.663 3
40.861 2
40.861 4
40.959 3
41.058 2
41.058 1
41.157 4
41.157 3
41.255 2
41.255 1
41.354 3
41.354 4
41.453 2
41.453 1
41.551 4
41.65 1
41.65 2
41.65 3
42.045 1
42.045 2
42.045 4
42.44 1
42.44 3
42.44 4
42.637 2
42.637 1
42.736 3
42.834 4
42.834 2
42.834 1
43.032 1
43.032 4
43.032 2
43.229 3
43.426 3
43.426 2
43.624 4
43.624 1
43.624 3
43.821 2
43.871 3
43.92 4
44.019 1
44.019 2
44.019 3
44.117 4
44.216 2
44.216 1
44.315 3
44.315 4
44.413 2
44.413 1
44.512 3
44.512 4
44.611 2
44.611 1
44.709 3
44.808 4
44.808 2
44.808 1
45.005 2
45.005 3
45.203 1
45.203 3
45.203 4
45.301 2
45.4 3
45.499 1
45.499 4
45.597 2
45.597 3
45.894 1
45.894 4
45.992 2
46.19 1
46.19 3
46.387 1
46.387 2
46.387 3
46.387 4
47.176 1
47.275 2
47.374 4
47.472 3
47.571 1
47.621 2
47.67 4
47.769 3
47.867 2
47.966 1
47.966 3
47.966 4
48.163 2
48.163 1
48.163 4
48.262 3
48.361 1
48.361 4
48.459 2
48.558 1
48.558 3
48.558 4
48.657 2
48.755 3
48.755 1
48.854 4
48.953 3
48.953 2
48.953 1
49.051 4
49.15 3
49.15 2
49.249 1
49.347 2
49.347 3
49.347 4
49.446 1
49.545 2
49.545 4
49.742 1
49.742 3
49.742 4
49.94 2
49.94 3
50.137 1
50.137 2
50.137 4
50.236 3
50.334 2
50.334 1
50.532 1
50.532 3
50.532 4
50.729 2
50.729 4
50.926 3
50.926 2
50.926 1
51.124 4
51.124 1
51.124 2
51.124 3
51.321 2
51.321 3
51.321 4
51.42 1
51.519 2
51.519 3
51.716 1
51.716 3
51.716 4
51.913 2
51.913 4
52.111 1
52.111 2
52.111 3
52.308 3
52.308 4
52.505 2
52.505 1
52.505 4
52.703 1
52.703 2
52.703 3
52.703 4
52.9 1
52.9 3
52.9 2
53.097 4
53.097 1
53.295 2
53.295 3
53.295 4
53.492 2
53.492 1
53.591 3
53.591 4
53.69 2
53.69 1
53.788 3
53.788 4
53.887 2
53.887 1
53.986 3
53.986 4
54.084 2
54.084 1
54.183 3
54.282 4
54.282 2
54.282 1
54.38 3
54.479 4
54.479 2
54.479 1
54.578 3
54.676 2
54.676 4
54.775 1
54.874 2
54.874 3
54.874 4
54.972 1
55.071 2
55.071 3
55.17 4
55.269 3
55.269 2
55.269 1
55.367 4
55.466 3
55.466 1
55.565 2
55.663 1
55.663 3
55.663 4
55.861 2
55.861 4
56.058 1
56.058 2
56.058 3
56.255 1
56.255 4
56.354 3
56.453 2
56.453 1
56.453 4
56.65 2
56.65 3
56.847 1
56.847 3
56.847 4
56.946 2
57.045 3
57.045 4
57.242 4
57.242 1
57.242 2
57.44 2
57.44 3
57.637 1
57.637 4
57.834 1
57.834 2
57.834 4
57.834 3
58.032 2
58.229 3
58.229 1
58.426 2
58.426 4
58.624 3
58.624 4
58.624 2
58.624 1
58.821 3
59.019 1
59.019 2
59.019 4
59.019 3
59.315 4
59.315 1
59.413 3
59.611 2
59.611 4
59.808 2
59.808 1
59.808 3
59.808 4
60.005 1
60.104 4
60.104 3
60.203 1
60.203 2
60.301 4
60.301 3
60.4 2
60.4 1
60.499 3
60.597 2
60.597 1
60.597 4
60.696 3
60.795 2
60.795 1
60.795 4
60.894 3
60.992 2
60.992 4
61.091 1
61.19 2
61.19 3
61.19 4
61.288 1
61.387 2
61.387 3
61.486 4
61.584 3
61.584 2
61.584 1
61.683 4
61.782 3
61.782 1
61.88 2
61.979 1
61.979 3
61.979 4
62.078 2
62.176 1
62.176 4
62.374 2
62.374 3
62.374 4
62.571 1
62.571 2
62.769 1
62.769 3
62.769 4
62.966 2
62.966 3
63.163 2
63.163 1
63.163 4
63.361 3
63.361 4
63.558 3
63.558 2
63.558 1
63.755 1
63.755 4
63.953 2
63.953 3
63.953 4
64.051 1
64.15 2
64.15 3
64.249 4
64.347 3
64.347 2
64.347 1
64.545 1
64.545 4
64.644 2
64.742 3
64.742 4
64.742 1
64.841 2
64.94 4
64.94 3
65.038 2
65.038 1
65.137 3
65.137 4
65.236 1
65.334 2
65.334 3
65.334 4
65.729 1
65.729 3
65.729 4
66.124 1
66.124 2
66.124 4
66.519 1
66.519 2
66.519 3
66.913 2
66.913 3
66.913 4
67.012 1
67.111 2
67.111 4
67.209 3
67.308 4
67.308 2
67.308 1
67.407 3
67.505 1
67.604 4
67.604 3
67.703 2
67.703 1
67.801 4
67.801 3
67.9 2
67.9 1
67.999 4
68.097 3
68.097 1
68.097 2
68.196 4
68.295 1
68.394 2
68.394 3
68.492 1
68.492 4
68.69 3
68.887 2
68.887 1
68.887 4
69.084 3
69.183 4
69.183 1
69.282 2
69.282 3
69.38 1
69.38 4
69.479 2
69.479 3
69.676 2
69.676 1
69.676 4
69.874 3
70.071 1
70.071 2
70.071 3
70.071 4
70.466 2
70.466 1
70.466 4
70.861 1
70.861 3
70.861 4
71.058 2
71.058 1
71.124 3
71.124 4
71.19 2
71.19 1
71.255 3
71.255 4
71.453 1
71.453 2
71.453 3
71.453 4
71.847 2
71.847 3
72.045 1
72.045 2
72.045 4
72.144 3
72.242 4
72.341 2
72.341 1
72.44 3
72.44 4
72.538 2
72.538 1
72.637 3
72.637 4
72.736 2
72.736 1
72.834 3
72.834 4
72.933 2
72.933 1
73.032 3
73.032 4
73.13 2
73.229 1
73.229 3
73.229 4
73.328 2
73.426 1
73.426 3
73.426 4
73.525 2
73.624 3
73.624 1
73.722 4
73.821 3
73.821 2
73.821 1
74.019 1
74.019 4
74.216 2
74.216 3
74.216 4
74.315 1
74.413 2
74.413 3
74.611 1
74.611 3
74.611 4
74.808 2
74.808 4
75.005 1
75.005 2
75.005 3
75.104 4
75.203 3
75.203 1
75.4 2
75.4 4
75.4 1
75.597 3
75.597 2
75.795 1
75.795 4
75.795 2
75.894 3
75.992 1
75.992 4
76.19 2
76.19 3
76.19 4
76.288 1
76.387 2
76.387 3
76.387 4
76.584 1
76.683 2
76.683 3
76.683 4
76.88 1
76.979 2
76.979 3
76.979 4
77.374 1
77.374 2
77.374 3
77.571 4
77.571 1
77.769 2
77.769 4
77.769 3
77.966 2
77.966 1
77.966 3
78.163 4
78.262 2
78.262 1
78.262 3
78.459 4
78.558 3
78.558 2
78.558 1
78.953 3
78.953 4
78.953 1
79.051 2
79.15 1
79.15 4
79.249 3
79.347 2
79.347 1
79.347 4
79.545 1
79.545 2
79.545 3
79.545 4
79.742 2
79.742 3
79.742 4
79.841 1
79.94 3
79.94 2
80.137 1
80.137 4
80.137 3
80.236 2
80.334 3
80.334 1
80.532 4
80.532 2
80.532 1
80.63 3
80.729 2
80.729 1
80.828 3
80.926 2
80.926 4
80.926 1
81.025 3
81.124 4
81.124 2
81.222 1
81.321 4
81.321 3
81.321 2
81.42 1
81.519 3
81.519 4
81.617 2
81.716 1
81.716 3
81.716 4
81.913 2
81.913 3
82.111 2
82.111 1
82.209 3
82.209 4
82.308 2
82.308 1
82.407 3
82.407 4
82.505 2
82.505 1
82.604 3
82.703 4
82.703 2
82.703 1
83.097 1
83.097 3
83.097 4
83.295 2
83.295 1
83.394 3
83.492 4
83.492 2
83.492 1
83.887 1
83.887 4
83.887 2
84.084 3
84.084 4
84.183 2
84.282 1
84.282 3
84.282 4
84.479 2
84.479 1
84.578 3
84.578 4
84.676 2
84.676 1
84.775 3
84.775 4
84.874 2
84.874 1
84.972 3
84.972 4
85.071 2
85.071 1
85.17 3
85.17 4
85.269 2
85.269 1
85.466 2
85.466 3
85.466 4
85.663 1
85.663 3
85.762 2
85.861 1
85.861 3
85.861 4
86.255 2
86.255 3
86.65 1
86.65 3
86.65 4
86.65 2
87.045 1
87.045 2
87.045 4
87.44 1
87.44 4
87.637 1
87.637 2
87.637 3
87.637 4
87.933 4
87.933 3
87.933 2
87.933 1
88.229 1
88.229 2
88.229 3
88.229 4