3.073 1
3.073 4
3.249 2
3.426 3
3.602 4
3.602 1
3.955 3
4.132 2
4.308 1
4.308 4
4.661 2
4.838 3
5.014 1
5.014 4
5.014 2
5.367 3
5.544 1
5.544 4
5.632 2
5.72 3
5.897 1
5.897 4
5.897 2
6.249 2
6.249 3
6.602 1
6.602 4
6.955 2
6.955 3
7.308 1
7.308 4
7.485 2
7.661 4
7.661 3
7.838 2
8.014 4
8.014 1
8.191 2
8.279 3
8.367 1
8.367 4
8.544 3
8.72 1
8.72 4
8.897 3
8.985 2
9.073 4
9.073 1
9.249 2
9.338 3
9.426 1
9.426 4
9.602 3
9.691 2
9.779 1
9.779 4
9.867 2
9.955 3
10.044 2
10.132 1
10.132 4
10.308 2
10.397 3
10.485 1
10.485 4
10.661 4
10.749 3
10.838 2
10.838 1
11.014 1
11.102 2
11.191 3
11.191 4
11.279 1
11.367 2
11.455 3
11.544 4
11.544 1
11.72 3
11.808 2
11.897 1
11.897 4
12.073 2
12.161 3
12.249 1
12.249 4
12.426 3
12.514 2
12.602 1
12.602 4
12.691 2
12.779 3
12.867 2
12.955 4
12.955 1
13.132 3
13.308 4
13.485 3
13.661 2
13.661 4
14.014 1
14.367 2
14.367 3
14.544 4
14.72 2
14.897 4
15.073 1
15.073 3
15.338 2
15.602 1
15.602 4
15.955 2
16.132 3
16.308 1
16.485 2
16.485 4
16.573 3
16.661 1
16.749 2
16.838 3
17.014 4
17.102 3
17.191 1
17.191 2
17.367 3
17.455 2
17.544 1
17.544 4
17.72 2
17.808 3
17.897 1
17.897 4
18.073 3
18.161 2
18.249 1
18.249 4
18.338 2
18.426 3
18.514 4
18.602 1
18.602 2
18.779 3
18.955 2
19.132 4
19.308 1
19.308 2
19.485 3
19.485 4
19.661 4
19.661 1
19.838 2
19.838 3
20.014 1
20.014 4
20.191 2
20.367 4
20.544 2
20.72 1
20.72 3
20.897 4
20.985 2
21.249 1
21.249 4
21.602 2
21.691 4
21.779 2
21.955 3
22.044 1
22.132 3
22.132 4
22.397 2
22.397 1
22.661 2
22.661 3
22.838 1
22.838 4
23.014 2
23.191 3
23.191 1
23.279 4
23.367 3
23.455 2
23.544 1
23.544 4
23.632 3
23.72 2
23.808 1
23.897 2
23.897 4
23.985 3
24.073 2
24.249 4
24.249 1
24.602 2
24.602 4
24.955 3
24.955 1
25.308 1
25.308 4
25.485 2
25.661 3
25.661 4
25.838 2
26.014 3
26.191 2
26.367 1
26.367 4
26.544 3
26.72 2
26.897 1
27.073 2
27.073 4
27.249 3
27.426 2
27.602 1
27.779 2
27.779 4
27.955 3
28.044 2
28.132 1
28.308 3
28.485 1
28.485 4
28.838 2
29.014 4
29.191 1
29.191 4
29.367 3
29.544 3
29.72 4
29.72 2
30.073 1
30.073 3
30.426 2
30.426 4
30.779 3
30.779 1
30.955 4
31.132 3
31.132 2
31.485 4
31.661 1
31.838 3
31.838 4
32.014 2
32.014 1
32.367 1
32.367 4
32.544 3
32.72 4
32.72 1
33.073 2
33.249 1
33.249 4
33.426 3
33.426 2
33.779 1
33.779 4
33.955 2
34.132 3
34.132 4
34.485 1
34.485 2
34.661 3
34.661 4
34.838 1
35.014 2
35.014 3
35.191 4
35.367 1
35.367 2
35.72 3
35.72 4
35.897 2
36.073 1
36.073 4
36.161 2
36.249 3
36.426 2
36.602 4
36.602 1
36.779 3
36.955 1
36.955 2
37.308 1
37.661 2
37.97 3
38.014 4
38.367 1
38.367 3
38.544 2
38.72 3
38.897 1
38.897 4
38.897 2
39.249 2
39.249 4
39.426 3
39.602 1
39.602 4
39.602 2
39.955 3
39.955 4
40.132 2
40.308 1
40.308 4
40.308 3
40.661 4
40.661 1
40.838 3
40.926 2
41.014 3
41.191 2
41.191 4
41.191 1
41.544 1
41.544 3
41.897 2
41.897 4
42.249 3
42.249 1
42.602 4
42.602 2
42.779 3
42.779 1
42.955 4
42.955 2
43.132 3
43.132 1
43.308 2
43.485 4
43.485 3
43.661 1
43.661 2
43.838 4
43.838 3
44.014 4
44.014 1
44.014 2
44.191 3
44.367 2
44.544 1
44.544 4
44.544 3
44.897 2
44.897 4
45.073 3
45.249 1
45.249 4
45.249 2
45.426 3
45.602 4
45.602 1
45.691 3
45.779 2
45.955 1
45.955 4
45.955 3
46.308 1
46.397 2
46.485 4
46.573 3
46.661 2
46.838 1
46.838 3
46.838 4
47.191 2
47.191 4
47.544 1
47.544 3
47.897 4
47.897 2
48.249 4
48.249 1
48.426 2
48.602 4
48.602 3
48.691 2
48.779 1
48.955 2
49.132 3
49.22 1
49.308 4
49.308 3
49.485 2
49.661 1
49.661 4
50.191 1
50.191 4
50.544 2
50.544 4
50.72 1
50.897 2
50.985 3
51.073 4
51.073 1
51.426 4
51.426 2
51.602 3
51.691 2
51.779 1
51.955 3
52.132 4
52.132 2
52.308 3
52.485 1
52.485 4
52.838 4
52.838 1
53.014 3
53.014 2
53.367 2
53.367 4
53.544 1
53.544 3
53.72 2
53.808 3
53.897 4
53.897 1
54.073 3
54.073 2
54.249 4
54.426 3
54.514 2
54.602 4
54.602 1
54.779 2
54.955 3
55.132 2
55.308 1
55.308 4
55.308 3
55.485 2
55.661 1
55.661 3
55.661 4
55.838 2
56.014 4
56.014 3
56.191 1
56.367 4
56.367 2
56.367 3
56.544 1
56.72 2
56.72 3
56.897 4
57.073 1
57.073 3
57.073 2
57.249 4
57.426 1
57.426 2
57.602 3
57.779 1
57.779 4
57.779 2
57.955 3
58.132 4
58.132 1
58.132 2
58.308 3
58.485 2
58.485 1
58.661 3
58.661 4
58.838 4
58.838 1
59.014 3
59.014 2
59.191 1
59.191 4
59.367 4
59.367 2
59.544 3
59.544 1
59.897 2
60.073 1
60.249 4
60.249 2
60.779 3
60.955 1
60.955 4
61.132 3
61.308 4
61.308 1
61.485 2
61.573 3
61.661 1
61.661 4
61.838 3
61.926 2
62.014 1
62.014 4
62.102 2
62.191 3
62.279 4
62.367 1
62.367 2
62.544 3
62.72 4
62.897 2
62.985 3
63.073 4
63.249 3
63.338 2
63.426 1
63.514 3
63.602 2
63.691 1
63.779 3
63.779 2
63.955 1
63.955 4
64.132 3
64.132 2
64.308 4
64.308 1
64.485 3
64.485 2
64.661 4
64.838 1
64.838 2
65.014 3
65.191 1
65.191 4
65.367 3
65.367 2
65.544 4
65.544 1
65.72 2
65.72 3
65.897 1
65.897 4
66.073 3
66.249 2
66.249 4
66.426 3
66.602 1
66.602 2
66.779 4
66.955 1
66.955 3
67.132 2
67.308 4
67.308 3
67.485 2
67.661 1
67.661 4
67.838 3
68.014 1
68.014 2
68.191 3
68.191 4
68.367 1
68.367 2
68.544 4
68.544 3
68.72 1
68.72 2
68.897 3
69.073 1
69.073 4
69.161 2
69.249 3
69.426 1
69.426 4
69.602 3
69.602 2
69.779 4
69.779 1
69.955 2
69.955 3
70.132 1
70.132 4
70.308 3
70.485 2
70.485 1
70.661 4
70.838 1
70.838 3
71.014 4
71.014 2
71.191 3
71.191 1
71.367 2
71.367 4
71.544 1
71.544 3
71.72 4
71.897 1
71.897 2
72.073 3
72.249 4
72.249 2
72.426 1
72.602 4
72.602 2
72.779 3
72.955 1
72.955 2
73.132 3
73.308 4
73.308 1
73.485 2
73.485 3
73.661 1
73.661 4
73.838 3
74.014 2
74.191 3
74.279 2
74.367 4
74.367 1
74.72 2
74.72 4
75.073 1
75.073 2
75.249 3
75.249 4
75.426 2
75.426 1
75.602 4
75.602 3
75.779 1
75.779 2
75.955 3
76.132 4
76.132 1
76.308 2
76.485 4
76.485 3
76.661 2
76.749 3
76.838 1
76.838 4
77.014 2
77.014 3
77.191 4
77.191 1
77.367 2
77.544 1
77.544 4
77.72 3
77.897 2
77.897 1
78.073 3
78.249 1
78.249 4
78.426 2
78.602 3
78.602 4
78.779 2
78.955 1
78.955 4
79.132 3
79.308 1
79.308 2
79.485 4
79.485 3
79.661 1
79.661 2
79.838 3
79.838 4
80.014 1
80.014 2
80.191 3
80.367 1
80.367 4
80.544 2
80.72 4
80.72 3
80.897 2
80.897 1
81.073 4
81.073 3
81.249 2
81.249 1
81.426 3
81.426 4
81.602 2
81.779 1
81.779 4
81.955 3
82.132 1
82.132 2
82.308 3
82.397 2
82.485 1
82.485 4
82.661 3
82.661 2
82.838 4
82.838 1
83.014 2
83.191 4
83.191 3
83.367 2
83.455 3
83.544 1
83.544 4
83.72 3
83.897 2
83.897 4
84.073 3
84.249 1
84.249 4
84.426 3
84.602 1
84.602 2
84.779 3
84.779 4
84.955 1
84.955 2
85.132 3
85.308 1
85.308 4
85.397 3
85.485 2
85.661 4
85.661 3
86.014 2
86.014 1
86.367 3
86.367 4
86.72 2
87.073 1
87.073 4
87.426 3
87.602 4
87.602 2
87.602 1
87.955 3
88.132 1
88.132 4
88.308 2
88.485 4
88.485 3
88.485 1
88.838 2