0.578 1
0.65 2
0.722 3
0.794 4
0.794 1
1.01 4
1.082 3
1.154 2
1.225 4
1.225 1
1.441 1
1.441 3
1.549 2
1.549 3
1.657 1
1.657 3
1.657 4
1.873 1
1.873 3
1.981 2
1.981 4
2.089 1
2.089 3
2.089 4
2.197 2
2.197 4
2.305 3
2.413 2
2.52 1
2.52 3
2.628 2
2.736 3
2.736 4
2.844 1
2.844 4
2.952 1
2.952 3
2.952 4
3.006 2
3.06 3
3.114 2
3.168 1
3.168 4
3.276 1
3.312 2
3.312 3
3.384 1
3.384 4
3.492 2
3.6 3
3.6 4
3.6 1
3.707 2
3.707 4
3.815 1
3.815 3
3.923 2
4.031 3
4.031 4
4.139 2
4.247 1
4.247 2
4.355 4
4.463 2
4.463 3
4.679 3
4.679 4
4.787 2
4.895 1
5.11 3
5.11 4
5.218 2
5.326 1
5.326 3
5.434 2
5.434 4
5.542 1
5.542 3
5.542 4
5.65 2
5.758 4
5.758 1
5.866 3
5.974 2
5.974 1
5.974 4
6.082 3
6.189 2
6.189 4
6.297 3
6.297 1
6.405 1
6.405 3
6.405 4
6.513 2
6.621 1
6.621 3
6.729 4
6.783 3
6.837 2
6.837 1
6.909 3
6.981 2
7.053 1
7.053 4
7.125 2
7.197 3
7.269 1
7.269 4
7.341 3
7.413 2
7.484 1
7.484 3
7.556 2
7.556 4
7.628 3
7.628 1
7.7 2
7.7 4
7.916 1
7.916 3
8.132 1
8.132 2
8.348 1
8.564 4
8.564 2
8.636 3
8.707 2
8.779 1
8.851 2
8.923 3
8.995 2
9.067 1
9.139 2
9.211 3
9.283 4
9.355 3
9.427 4
9.427 1
9.499 3
9.571 2
9.643 3
9.715 4
9.787 3
9.859 2
9.93 3
10.002 2
10.074 1
10.146 3
10.218 1
10.29 2
10.29 4
10.362 1
10.434 2
10.506 3
10.578 2
10.65 1
10.722 4
10.794 3
10.866 2
10.938 1
11.01 2
11.082 3
11.154 4
11.154 1
11.225 3
11.297 2
11.369 3
11.441 2
11.513 1
11.585 2
11.585 4
11.657 1
11.729 2
11.801 3
11.873 2
11.945 3
12.017 4
12.017 1
12.089 3
12.161 2
12.233 1
12.305 2
12.377 3
12.448 1
12.52 2
12.592 3
12.664 4
12.736 2
12.808 3
12.88 1
12.88 4
12.952 3
13.024 2
13.096 1
13.168 4
13.24 3
13.312 2
13.384 1
13.456 2
13.528 1
13.6 2
13.672 3
13.743 4
13.743 1
13.815 2
13.887 3
13.959 2
14.031 1
14.103 2
14.175 3
14.247 4
14.319 3
14.391 2
14.463 3
14.535 2
14.553 4
14.607 1
14.607 3
14.679 2
14.715 4
14.715 3
14.751 1
14.823 2
14.895 3
14.966 4
15.038 1
15.038 2
15.11 4
15.146 2
15.146 1
15.182 4
15.254 2
15.254 1
15.326 3
15.398 2
15.47 1
15.47 4
15.47 3
15.686 3
15.902 2
15.902 4
16.118 3
16.333 1
16.333 3
16.549 1
16.765 2
16.765 4
16.981 3
17.197 1
17.197 4
17.269 2
17.341 3
17.413 4
17.628 1
17.628 4
17.7 2
17.772 3
17.844 4
18.06 1
18.06 4
18.132 2
18.204 3
18.276 4
18.492 1
18.492 4
18.564 2
18.636 3
18.707 4
18.869 2
18.923 1
18.923 4
19.031 2
19.031 3
19.139 1
19.247 4
19.247 2
19.355 3
19.355 1
19.463 2
19.571 1
19.571 3
19.679 1
19.679 4
19.787 1
19.787 2
19.787 4
20.218 1
20.218 2
20.218 3
20.434 1
20.434 4
20.434 3
20.65 4
20.65 3
20.758 2
20.758 1
20.866 3
20.866 4
21.082 1
21.082 2
21.297 2
21.297 4
21.513 1
21.513 2
21.621 3
21.729 2
21.729 4
21.837 3
21.945 2
21.945 1
22.053 3
22.161 2
22.161 4
22.377 2
22.377 3
22.592 1
22.592 3
22.808 2
22.808 3
23.024 1
23.024 3
23.24 1
23.24 2
23.348 2
23.348 4
23.456 3
23.564 4
23.564 2
23.672 1
23.672 3
23.779 2
23.887 3
23.887 4
24.103 3
24.103 4
24.319 1
24.319 3
24.427 2
24.535 4
24.535 2
24.643 3
24.751 1
24.751 2
24.966 2
24.966 4
25.074 3
25.182 2
25.182 1
25.29 3
25.29 1
25.398 2
25.398 4
25.614 1
25.614 2
25.83 1
25.83 4
25.83 3
26.046 2
26.046 3
26.154 1
26.154 4
26.261 3
26.261 1
26.261 4
26.477 1
26.477 2
26.477 3
26.693 1
26.693 2
26.693 3
26.693 4
27.556 1
27.556 3
27.772 1
27.88 3
27.88 2
27.988 1
27.988 4
28.096 2
28.312 2
28.312 4
28.528 2
28.528 4
28.636 1
28.743 4
28.851 3
28.851 1
29.067 2
29.067 4
29.283 3
29.283 1
29.715 4
29.715 2
29.823 3
30.038 2
30.038 4
30.254 3
30.254 1
30.362 4
30.47 2
30.578 3
30.578 4
30.794 1
30.794 4
31.01 1
31.01 2
31.225 3
31.441 1
31.441 4
31.441 2
31.765 3
31.765 4
31.981 3
31.981 4
32.197 3
32.197 4
32.305 4
32.305 1
32.52 2
32.736 3
32.952 2
32.952 4
33.168 1
33.168 4
33.168 3
33.492 1
33.492 2
33.707 2
33.707 4
33.815 3
33.815 1
33.923 3
34.031 1
34.031 3
34.247 1
34.247 4
34.463 3
34.463 1
34.571 2
34.679 3
34.787 2
34.895 1
35.002 4
35.218 2
35.218 3
35.434 1
35.434 2
35.542 4
35.65 1
35.758 2
35.758 4
35.974 1
35.974 3
36.189 2
36.189 1
36.189 4
36.405 4
36.621 1
36.621 2
36.729 3
36.945 4
36.945 2
37.161 4
37.161 2
37.269 1
37.377 2
37.484 1
37.484 3
37.7 2
37.7 4
37.916 1
37.916 3
38.132 4
38.24 2
38.348 1
38.348 4
38.348 3
38.564 2
38.672 1
38.779 2
38.779 4
38.995 3
39.103 1
39.211 3
39.211 4
39.427 1
39.535 3
39.643 1
39.643 3
40.074 3
40.074 1
40.506 1
40.506 4
40.938 4
40.992 2
41.046 4
41.369 1
41.369 4
41.67 2
41.972 2
42.273 3
43.178 1
43.328 3
43.479 2
43.63 3
43.781 2
43.781 4
43.931 1
44.082 2
44.082 3
44.987 1
44.987 4
45.288 3
45.439 3
45.59 3
45.59 1
45.891 3
45.891 1
46.193 4
46.494 1
46.796 2
47.097 4
47.248 3
47.399 2
47.549 3
47.7 4
47.7 3
48.002 3
48.002 2
48.303 2
48.303 1
48.605 3
48.605 4
48.605 1
48.906 2
49.057 2
49.208 2
49.509 4
49.509 2
49.509 3
49.811 4
49.961 4
50.112 4
50.414 2
50.414 4
50.414 1
51.318 4
51.318 2
51.752 2
51.752 4
51.968 2
51.968 4
52.184 1
52.184 3
52.291 2
52.399 3
52.399 4
52.399 1
52.507 2
52.615 3
52.723 2
52.723 4
52.831 1
52.831 4
52.831 3
52.939 2
53.047 3
53.047 1
53.155 2
53.263 3
53.263 1
53.263 4
53.371 2
53.478 3
53.478 4
53.586 2
53.694 1
53.694 4
53.694 3
53.91 2
53.91 1
54.018 3
54.126 2
54.126 4
54.126 1
54.234 3
54.342 2
54.45 1
54.45 3
54.558 2
54.558 4
54.558 1
54.773 2
54.773 3
54.881 3
54.989 2
54.989 1
54.989 4
55.097 3
55.205 2
55.313 1
55.313 3
55.421 2
55.421 3
55.421 4
55.637 1
55.637 2
55.745 3
55.853 2
55.853 1
55.853 4
55.96 3
56.068 2
56.068 4
56.176 1
56.284 2
56.284 3
56.284 4
56.5 1
56.5 3
56.608 2
56.716 1
56.716 3
56.716 4
56.824 3
56.932 2
56.932 1
57.04 3
57.148 4
57.148 1
57.148 2
57.255 1
57.255 3
57.363 2
57.579 3
57.579 4
57.795 4
57.795 1
58.011 3
58.011 4
58.227 4
58.227 1
58.227 2
58.442 3
58.55 2
58.658 1
58.874 1
58.928 2
58.982 3
59.036 2
59.09 1
59.09 4
59.09 3
59.306 1
59.306 4
59.414 2
59.414 3
59.63 2
59.63 3
59.737 1
59.737 3
59.737 4
59.953 1
59.953 3
60.169 2
60.169 3
60.385 2
60.385 4
60.601 3
60.601 4
60.817 1
60.817 2
60.925 2
61.032 1
61.032 3
61.032 4
61.248 3
61.356 4
61.356 2
61.464 1
61.464 4
61.464 2
61.68 1
61.68 2
61.788 3
61.896 2
61.896 1
61.896 4
62.112 3
62.219 4
62.219 2
62.327 1
62.327 4
62.327 3
62.543 2
62.543 1
62.759 1
62.759 4
62.867 3
62.975 2
63.083 3
63.083 1
63.191 4
63.191 1
63.191 2
63.407 3
63.407 4
63.622 1
63.622 4
63.73 2
63.838 3
63.946 2
63.946 4
64.054 1
64.054 4
64.054 3
64.27 1
64.486 3
64.486 1
64.486 4
64.809 2
64.917 4
64.917 1
64.971 3
65.025 2
65.079 3
65.133 4
65.133 1
65.241 2
65.349 1
65.349 3
65.349 4
65.565 1
65.565 3
65.673 2
65.781 3
65.781 1
65.781 4
65.889 2
65.889 3
65.996 1
65.996 4
66.104 2
66.212 3
66.212 4
66.428 1
66.428 3
66.428 4
66.536 2
66.536 4
66.644 3
66.752 1
66.752 2
66.86 3
66.86 4
66.86 1
66.968 2
66.968 4
67.076 3
67.183 2
67.183 1
67.291 1
67.291 3
67.291 4
67.399 2
67.399 4
67.507 3
67.615 2
67.615 4
67.723 3
67.723 1
67.723 4
67.795 2
67.867 3
67.939 4
68.011 2
68.083 3
68.155 1
68.155 4
68.155 2
68.227 3
68.299 2
68.371 1
68.371 4
68.442 2
68.514 3
68.586 1
68.586 4
68.658 3
68.73 2
68.802 1
68.802 3
68.856 2
68.874 4
68.91 1
68.946 3
69.018 1
69.018 4
69.09 3
69.162 2
69.234 4
69.234 1
69.306 2
69.306 3
69.378 1
69.378 4
69.45 2
69.45 3
69.666 1
69.666 2
69.773 3
69.881 4
69.989 3
69.989 2
70.097 1
70.097 4
70.097 3
70.313 2
70.313 3
70.529 1
70.529 4
70.637 2
70.745 3
70.853 2
70.853 4
70.96 1
70.96 3
70.96 4
71.176 1
71.176 3
71.176 2
71.392 1
71.392 4
71.608 1
71.716 3
71.716 4
71.824 1
71.824 4
72.04 4
72.04 1
72.04 2
72.148 2
72.255 1
72.255 3
72.471 1
72.471 2
72.471 3
72.687 2
72.795 3
72.903 2
72.903 4
73.011 2
73.119 1
73.119 3
73.335 2
73.335 4
73.442 2
73.55 1
73.55 3
73.55 4
73.766 2
73.766 4
73.874 3
73.982 2
73.982 1
73.982 4
74.198 1
74.198 2
74.306 3
74.414 2
74.414 4
74.414 1
74.63 1
74.63 3
74.737 3
74.737 2
74.845 1
74.845 4
74.953 2
74.953 4
75.061 1
75.061 2
75.061 3
75.277 2
75.277 3
75.277 4
75.493 1
75.493 2
75.493 4
75.601 3
75.601 2
75.709 3
75.709 1
75.925 3
75.925 4
76.032 2
76.032 4
76.14 1
76.14 3
76.14 4
76.194 2
76.248 1
76.356 2
76.356 4
77.004 2
77.219 1
77.219 4
77.435 3
77.651 1
77.651 2
77.651 4
78.083 1
78.083 2
78.083 4
78.299 1
78.299 4
78.514 2
78.514 3
78.73 1
78.73 2
78.946 1
78.946 2
79.162 2
79.162 3
79.162 1
79.378 3
79.378 4
79.378 2
79.594 1
79.594 4
79.594 3
79.809 4
79.809 1
79.917 2
79.917 3
80.025 1
80.025 4
80.133 2
80.133 3
80.241 1
80.241 4
80.457 1
80.457 3
80.673 2
80.673 3
80.673 4
80.889 3
80.889 2
80.889 1
80.996 2
81.104 1
81.104 3
81.104 4
81.212 2
81.32 3
81.392 1
81.464 3
81.536 4
81.536 1
81.536 2
81.824 1
81.896 4
81.968 3
81.968 1
82.255 2
82.327 4
82.399 1
82.399 2
82.687 2
82.759 4
82.831 3
82.831 2
83.119 1
83.191 4
83.263 2
83.263 1
83.335 3
83.407 4
83.478 3
83.55 1
83.622 3
83.694 4
83.694 1
83.766 2
83.838 3
83.91 2
83.982 1
84.054 2
84.126 1
84.126 3
84.198 2
84.27 3
84.342 4
84.414 3
84.486 4
84.558 2
84.558 3
84.773 4
84.845 1
84.917 4
84.989 3
84.989 1
85.781 1
85.853 1
86.068 4
86.176 4
86.284 1
86.338 2
86.392 3
86.446 4
86.5 1
86.5 3
86.554 2
86.608 3
86.662 4
86.716 1
86.716 3
86.932 2
87.04 1
87.04 4
87.148 2
87.255 3
87.363 2
87.363 1
87.579 2
87.579 3
87.579 4
88.011 4
88.047 3
88.083 2
88.119 1
88.155 4
88.191 3
88.227 2
88.263 1
88.299 4
88.335 3
88.371 2
88.407 1