0.036 1
0.36 4
0.522 2
0.684 4
0.846 1
1.008 3
1.171 1
1.333 4
1.495 2
1.657 4
1.819 2
1.981 1
2.144 3
2.306 1
2.468 4
2.63 4
2.792 3
2.954 1
3.117 2
3.279 4
3.441 1
3.603 4
3.765 2
3.927 3
4.09 2
4.252 3
4.414 2
4.576 4
4.9 1
5.225 2
5.225 3
5.549 4
5.711 4
6.035 1
6.198 1
6.522 4
6.846 3
7.008 3
7.333 2
7.495 2
7.819 1
8.144 4
8.306 4
8.63 1
8.792 1
9.117 3
9.279 2
9.441 3
9.603 2
9.765 1
10.09 4
10.414 1
10.414 2
10.738 3
10.738 4
10.9 2
11.063 3
11.225 1
11.387 2
11.387 4
11.549 3
11.711 1
12.035 3
12.035 4
12.198 2
12.36 4
12.522 1
12.684 2
12.684 3
12.846 4
13.008 1
13.333 2
13.333 3
13.495 4
13.657 2
13.819 3
13.981 1
13.981 4
14.306 2
14.63 2
14.63 4
14.954 2
15.117 4
15.279 1
15.279 2
15.441 3
15.603 4
15.927 1
15.927 3
16.09 2
16.252 4
16.414 3
16.576 1
16.576 2
16.738 4
16.9 3
17.225 1
17.225 2
17.387 4
17.549 3
17.711 1
17.873 2
17.873 4
18.035 3
18.198 1
18.522 3
18.522 4
18.684 2
18.846 4
19.008 1
19.171 2
19.171 3
19.333 4
19.495 1
19.819 1
19.819 3
20.144 1
20.306 4
20.468 1
20.468 3
20.63 2
20.792 3
20.792 4
21.117 1
21.117 2
21.279 4
21.603 1
21.765 2
21.765 3
21.927 4
22.09 1
22.414 4
22.414 3
22.738 1
22.9 2
23.063 4
23.063 3
23.225 1
23.387 4
23.711 1
23.711 2
23.873 3
24.198 1
24.36 2
24.36 4
24.522 3
24.684 1
24.846 4
25.008 2
25.008 3
25.171 1
25.333 4
25.657 2
25.981 3
26.306 1
26.306 2
26.468 4
26.63 3
26.792 1
26.954 2
26.954 4
27.117 3
27.279 1
27.441 2
27.603 3
27.603 4
27.765 1
27.927 2
28.09 4
28.252 1
28.252 3
28.414 2
28.576 4
28.9 1
28.9 3
29.063 2
29.225 4
29.387 3
29.549 1
29.549 2
29.711 4
29.873 3
30.198 2
30.198 3
30.522 3
30.684 1
30.846 3
30.846 4
31.171 1
31.171 2
31.333 1
31.495 4
31.819 3
32.306 2
32.63 3
32.954 1
33.279 2
33.441 3
33.603 4
33.765 2
33.927 2
34.09 4
34.414 3
34.9 1
35.225 3
35.549 2
35.873 4
36.035 3
36.198 1
36.36 2
36.522 2
36.684 4
37.008 3
37.495 1
37.819 2
38.144 4
38.468 1
38.63 4
38.792 2
38.954 3
39.117 3
39.279 4
39.603 1
40.09 4
40.414 3
40.738 2
41.063 4
41.225 2
41.387 3
41.549 1
41.549 4
41.711 1
41.873 3
41.873 4
42.198 2
42.36 4
42.522 1
42.522 3
42.684 2
42.846 4
43.008 1
43.171 2
43.171 3
43.333 4
43.657 1
43.819 2
43.819 3
43.981 4
44.144 1
44.306 1
44.468 3
44.468 4
44.792 2
44.954 4
45.117 1
45.117 3
45.279 2
45.441 4
45.603 3
45.765 1
45.765 2
45.927 4
46.252 1
46.414 2
46.414 3
46.576 4
46.738 2
46.9 2
47.063 1
47.063 4
47.387 3
47.549 2
47.711 1
47.711 4
47.873 3
48.035 2
48.198 4
48.36 1
48.36 3
48.522 2
48.846 4
49.008 1
49.008 3
49.171 2
49.333 4
49.495 3
49.657 1
49.657 2
49.819 4
49.981 3
50.144 2
50.306 1
50.306 4
50.63 3
50.954 1
51.117 2
51.279 4
51.441 3
51.603 1
51.765 2
51.927 3
51.927 4
52.09 4
52.252 1
52.252 2
52.576 1
52.738 4
52.9 1
52.9 2
53.063 3
53.225 4
53.387 2
53.549 3
53.549 4
53.711 1
53.873 4
54.035 2
54.198 1
54.198 3
54.36 4
54.522 2
54.684 2
54.846 3
54.846 4
55.171 1
55.333 3
55.495 2
55.495 4
55.657 1
55.819 3
55.981 4
56.144 1
56.144 2
56.306 3
56.63 1
56.792 2
56.792 4
57.279 1
57.441 3
57.441 4
57.603 2
57.765 3
57.765 4
57.927 1
58.09 3
58.09 4
58.252 2
58.414 1
58.576 4
58.738 1
58.738 2
58.9 4
59.063 1
59.225 3
59.387 2
59.387 4
59.549 1
59.711 3
59.873 3
60.035 2
60.035 4
60.36 1
60.522 3
60.684 2
60.684 4
60.846 1
61.008 3
61.171 4
62.306 2
62.306 3
62.63 1
62.63 4
62.792 3
63.117 2
63.279 3
63.279 4
63.603 1
63.765 1
63.927 3
63.927 4
64.09 1
64.252 1
64.414 3
64.576 2
64.576 4
64.9 1
64.9 3
65.225 2
65.225 4
65.387 1
65.711 4
65.873 2
65.873 3
66.198 1
66.36 1
66.522 3
66.522 4
66.684 1
66.846 1
67.008 2
67.171 4
67.495 1
67.657 3
67.819 2
67.819 4
67.981 1
68.144 3
68.306 4
68.468 1
68.468 2
68.792 4
68.954 4
69.117 1
69.117 2
69.279 4
69.441 4
69.603 2
69.765 1
69.765 3
70.09 2
70.09 4
70.252 2
70.414 1
70.414 3
70.576 4
70.738 2
70.9 1
71.063 3
71.063 4
71.225 2
71.387 1
71.549 4
71.711 1
71.873 4
72.035 2
72.198 3
72.36 1
72.522 4
72.684 2
72.684 3
75.279 1
75.279 2
75.603 3
75.603 4
76.09 1
76.252 3
76.252 4
76.414 2
76.576 4
76.738 1
76.9 2
76.9 3
77.063 4
77.225 1
77.387 3
77.549 2
77.549 4
77.873 1
78.035 2
78.198 3
78.198 4
78.36 2
78.522 1
78.684 3
78.846 2
78.846 4
79.008 1
79.171 3
79.333 2
79.495 1
79.495 4
79.657 3
79.819 2
79.981 3
80.144 1
80.468 2
80.63 4
80.792 1
80.792 3
80.954 2
81.117 4
81.279 3
81.441 1
81.441 2
81.765 4
81.927 3
82.09 1
82.09 2
82.252 4
82.414 3
82.576 1
82.738 2
82.738 4
83.063 3
83.225 1
83.387 2
83.387 4
83.549 3
83.711 1
83.873 4
84.035 2
84.035 3
84.198 1
84.36 4
84.522 2
84.684 1
84.684 3
84.846 4
85.008 2
85.171 3
85.333 1
85.333 4
85.495 2
85.657 3
85.819 4
85.981 1
85.981 2
86.468 4
86.63 2
86.63 3
86.792 1
86.954 4
87.117 2
87.279 1
87.279 3
87.441 4
87.603 2
87.765 3
87.927 1
87.927 4
88.09 2
88.252 3
88.414 1
88.576 3
88.576 4
89.063 2
89.225 1
89.225 3
89.387 4
89.549 2
89.711 3
89.873 1
89.873 4
90.035 2
90.198 3
90.36 1
90.522 4
90.846 3
91.008 2
91.171 1
91.171 4
91.333 3
91.495 2
91.657 4
91.819 1
91.819 3
91.981 2
92.144 4
92.468 1
92.468 2
92.63 3
92.792 4
92.954 1
93.117 2
93.117 3
93.279 4
93.441 1
93.765 3
93.765 4
93.927 2
94.09 1
94.252 4
94.414 2
94.414 3
94.576 1
94.738 4
94.9 2
95.063 1
95.063 3
95.225 4
95.387 2
95.549 3
95.711 1
95.711 2
96.035 3
96.035 4
96.36 1
96.36 4
96.846 2
97.008 3
97.008 4
97.333 2
97.657 1
97.657 4
97.981 3
98.144 2
98.306 1
98.306 4
98.63 3
98.954 2
98.954 4
99.441 1
99.603 3
99.603 4
99.927 2
100.252 1
100.252 4
100.576 2
100.738 4
100.9 1
100.9 3
101.225 2
101.225 4
101.549 3
101.549 4
102.035 1
102.198 2
102.198 3
102.522 4
102.846 1
102.846 3
103.171 2
103.333 4
103.495 1
103.495 3
103.819 4
103.981 2
104.144 3
104.144 4
104.306 1
104.468 3
104.63 2
104.792 1
104.792 4
105.441 2
105.603 4
105.765 1
105.927 3
106.09 2
106.252 4
106.414 2
106.414 3
106.576 1
106.738 3
106.738 4
106.9 2
107.063 4
107.225 1
107.387 2
107.387 4
107.549 3
107.711 1
107.873 2
108.035 1
108.035 4
108.198 3
108.36 1
108.522 4
108.684 2
108.684 3
108.846 1
109.008 3
109.008 4
109.333 1
109.333 2
109.495 3
109.657 2
109.819 4
109.981 1
109.981 3
110.144 2
110.306 4
110.63 1
110.63 3
110.792 2
110.954 4
111.117 3
111.279 1
111.279 2
111.441 4
111.603 2
111.765 3
111.927 1
111.927 4
112.09 2
112.252 1
112.414 4
112.576 1
112.576 3
112.738 2
112.9 4
113.063 1
113.225 3
113.225 4
113.387 2
113.549 4
113.711 1
113.873 2
113.873 3
114.035 4
114.198 1
114.522 2
114.522 3
114.684 4
114.846 1
115.008 3
115.171 2
115.171 4
115.333 1
115.495 4
115.819 2
115.981 3
116.144 1
116.144 2
116.306 3
116.468 2
116.63 3
116.792 1
116.792 4
117.117 2
117.117 3
117.279 1
117.441 4
117.603 3
117.765 1
117.765 2
117.927 4
118.09 1
118.252 4
118.414 2
118.414 3
118.576 1
118.738 4
118.9 3
119.063 1
119.063 2
119.225 4
119.387 3
119.711 1
119.711 2
119.873 4
120.035 2
120.198 3
120.36 1
120.36 2
120.522 4
120.684 1
120.846 3
121.008 2
121.008 4
121.171 1
121.333 3
121.495 2
121.657 1
121.657 4
122.144 3
122.306 1
122.306 2
122.468 4
122.63 3
122.792 1
122.954 3
122.954 4
123.117 2
123.279 4
123.441 1
123.603 2
123.603 3
123.765 4
123.927 1
124.09 3
124.252 2
124.252 4
124.414 1
124.576 3
124.738 4
124.9 1
124.9 2
125.063 3
125.225 4
125.387 1
125.549 2
125.549 3
125.711 4
125.873 2
126.035 1
126.198 3
126.198 4
126.36 2
126.522 3
126.684 1
126.846 2
126.846 4
127.008 3
127.171 1
127.171 4
128.468 2
129.765 2
131.063 1
131.225 4
132.36 2
133.657 3
133.819 1
134.306 4
134.468 2
134.63 4
134.792 2
135.603 1
135.765 3
135.927 1
136.09 3
136.9 4
137.063 2
137.225 4
137.387 2
137.549 1
137.549 3
137.711 3
137.873 2
138.035 1
138.035 4
138.198 3
138.522 1
138.522 2
138.684 4
138.846 2
138.846 3
139.008 1
139.333 3
139.333 4
139.657 2
139.819 1
139.819 3
139.981 4
140.144 1
140.144 2
140.306 2
140.468 4
140.63 1
140.63 3
140.792 2
141.117 3
141.117 4
141.279 1
141.441 2
141.441 4
141.603 3
141.927 1
141.927 4
142.252 2
142.414 3
142.414 4
142.576 1
142.576 2
142.738 3
142.738 4
142.9 3
143.063 1
143.063 2
143.387 1
143.387 4
143.711 2
143.711 3
143.873 4
144.035 1
144.035 2
144.198 3
144.36 1
144.36 4
144.522 2
144.684 3
144.846 1
145.008 3
145.008 4
145.171 2
145.333 1
145.333 4
145.495 3
145.657 2
145.819 1
145.981 3
145.981 4
146.144 2
146.306 4
146.468 3
146.63 1
146.63 2
146.792 3
146.954 4
147.117 1
147.279 2
147.279 3
147.441 4
147.603 1
147.765 2
147.765 3
148.252 4
148.576 1
148.9 3
149.225 2
149.549 1
149.711 4
149.873 2
150.035 3
150.198 1
150.36 4
150.522 1
150.522 2
150.684 3
150.846 2
150.846 4
151.171 4
151.333 1
151.495 3
151.495 4
151.657 2
151.819 1
151.981 3
152.144 1
152.144 2
152.306 4
152.468 1
152.63 3
152.792 2
152.792 4
152.954 1
153.117 3
153.279 3
153.441 1
153.441 2
153.603 4
153.765 3
153.927 2
154.09 1
154.09 3
154.252 4
154.414 2
154.576 1
154.738 3
154.738 4
154.9 2
155.225 3
155.387 1
155.387 4
155.873 2
156.035 1
156.035 4
156.198 3
156.36 1
156.522 4
156.684 1
156.684 2
156.846 3
157.008 4
157.171 1
157.333 3
157.333 4
157.495 1
157.657 4
157.819 2
157.981 1
157.981 3
158.144 4
158.306 2
158.468 2
158.63 1
158.63 3
158.792 4
158.954 2
159.117 3
159.279 1
159.279 4
159.441 2
159.603 3
159.765 1
160.9 2
160.9 3
161.225 1
161.225 4
161.387 2
161.549 4
161.711 3
161.873 1
161.873 2
162.035 3
162.198 4
162.36 4
162.522 1
162.522 2
162.684 4
162.846 4
163.008 2
163.171 1
163.171 3
163.333 4
163.495 1
163.495 2
163.819 3
163.819 4
163.981 2
164.144 1
164.306 4
164.468 2
164.468 3
164.63 1
164.792 4
164.954 4
165.117 1
165.117 2
165.279 4
165.441 4
165.603 1
165.765 2
165.765 3
166.252 2
166.414 1
166.414 4
166.576 3
166.738 2
166.9 1
167.063 3
167.063 4
167.225 2
167.387 1
167.549 1
167.711 3
167.711 4
167.873 1
168.035 1
168.198 2
168.36 3
168.36 4
168.522 2
168.684 1
168.684 4
168.846 4
169.008 2
169.008 3
169.171 1
169.333 4
169.495 2
169.657 1
169.657 3
169.819 4
169.981 2
170.144 1
170.306 3
170.306 4
170.468 1
170.63 3
170.792 2
170.954 1
170.954 4
171.117 3
171.279 2