0.74 1
0.74 4
0.916 2
1.092 3
1.269 4
1.445 1
1.622 3
1.798 2
1.975 4
2.151 1
2.328 2
2.504 3
2.681 4
2.857 1
3.034 3
3.21 2
3.387 4
3.563 1
3.563 2
3.739 4
3.916 2
4.092 3
4.269 1
4.445 4
4.622 2
4.798 3
4.975 1
5.151 4
5.328 2
5.504 3
5.681 1
5.857 2
5.945 4
6.034 1
6.122 3
6.21 2
6.298 3
6.387 1
6.387 4
6.563 2
6.739 4
6.916 3
7.092 1
7.269 4
7.445 1
7.622 3
7.798 4
7.975 1
8.151 4
8.328 2
8.504 1
8.681 3
8.769 2
8.945 4
9.034 2
9.21 1
9.21 4
9.387 2
9.563 3
9.739 4
9.916 2
10.092 1
10.269 3
10.445 4
10.622 1
10.798 2
10.975 4
11.151 3
11.328 2
11.504 1
11.592 3
11.681 4
11.769 2
11.857 3
11.945 2
12.034 1
12.034 4
12.387 1
12.387 2
12.739 4
12.739 1
13.092 4
13.092 3
13.445 1
13.445 4
13.798 1
13.798 2
14.151 1
14.151 4
14.504 3
14.504 4
14.857 1
14.857 4
15.21 1
15.21 2
15.563 4
15.563 1
15.916 4
15.916 3
16.269 1
16.269 4
16.622 3
16.622 2
16.975 1
16.975 4
17.151 2
17.239 3
17.328 1
17.328 4
17.681 2
17.857 1
17.945 3
18.122 1
18.21 3
18.387 4
18.475 2
18.651 4
18.739 3
18.828 1
18.916 2
19.004 4
19.092 3
19.269 4
19.357 2
19.534 4
19.622 2
19.798 1
19.887 3
20.063 1
20.151 2
20.239 4
20.328 3
20.416 1
20.504 2
20.681 1
20.769 3
20.945 1
21.034 3
21.21 4
21.298 2
21.475 4
21.563 3
21.651 1
21.739 2
21.828 4
21.916 3
21.916 1
22.004 2
22.092 4
22.181 1
22.181 3
22.269 2
22.445 4
22.445 3
22.622 1
22.622 2
23.328 1
23.328 4
23.416 2
23.504 3
23.592 4
23.681 1
23.769 2
23.857 4
23.945 3
24.034 1
24.122 2
24.21 3
24.298 4
24.387 1
24.475 2
24.563 3
24.651 2
24.739 4
24.828 3
24.916 2
25.004 1
25.092 4
25.181 3
25.269 1
25.357 2
25.445 4
25.534 3
25.622 2
25.71 1
25.798 4
25.887 3
25.975 2
26.063 3
26.151 1
26.239 2
26.328 3
26.416 4
26.504 1
26.592 2
26.681 4
26.769 3
26.857 1
26.945 2
27.034 3
27.122 4
27.21 1
27.298 2
27.387 3
27.475 2
27.563 4
27.651 3
27.739 2
27.828 3
27.916 1
28.004 2
28.092 3
28.181 2
28.269 4
28.357 3
28.445 1
28.534 2
28.622 4
28.71 3
28.798 2
28.887 3
28.975 1
29.063 2
29.151 3
29.239 4
29.328 1
29.416 2
29.504 4
29.592 3
29.681 1
29.769 2
29.857 3
29.945 4
30.034 1
30.122 2
30.21 3
30.298 2
30.387 4
30.475 3
30.563 2
30.651 1
30.739 4
30.828 3
30.916 1
31.004 2
31.092 4
31.181 3
31.269 2
31.357 1
31.445 4
31.534 3
31.622 2
31.71 3
31.798 1
31.887 2
31.975 3
32.063 4
32.151 1
32.239 2
32.328 4
32.416 3
32.504 1
32.592 2
32.681 3
32.769 4
32.857 1
32.945 2
33.034 3
33.122 2
33.21 4
33.298 3
33.387 2
33.475 3
33.563 1
33.651 2
33.739 3
33.828 4
33.916 2
34.004 3
34.092 4
34.092 1
34.181 3
34.269 2
34.357 4
34.445 3
34.534 2
34.622 4
34.622 1
34.798 2
34.975 4
34.975 1
35.151 3
35.328 1
35.328 2
35.504 3
35.681 1
35.681 4
35.857 2
36.034 3
36.034 4
36.21 1
36.387 4
36.387 3
36.563 1
36.739 2
36.739 3
36.916 4
37.092 1
37.092 2
37.269 4
37.445 3
37.445 2
37.622 1
37.798 4
37.798 3
37.975 2
38.151 4
38.151 3
38.328 2
38.504 4
38.504 1
38.681 3
38.857 1
38.857 2
39.034 4
39.21 2
39.21 3
39.387 1
39.563 2
39.563 3
39.739 4
39.916 1
39.916 2
40.269 4
40.269 3
40.445 4
40.534 2
40.534 1
40.71 1
40.798 3
40.798 4
40.975 4
41.063 2
41.063 1
41.239 1
41.328 3
41.328 4
41.416 2
41.504 3
41.592 2
41.681 1
41.681 4
41.857 3
41.945 2
41.945 4
42.122 2
42.21 1
42.21 3
42.387 3
42.475 2
42.475 4
42.651 3
42.739 1
42.739 4
42.828 2
42.916 3
43.004 4
43.092 2
43.092 1
43.269 1
43.357 3
43.357 4
43.534 4
43.622 1
43.622 2
43.798 1
43.887 3
43.887 4
44.063 4
44.151 1
44.151 2
44.239 3
44.328 2
44.416 3
44.504 1
44.504 4
44.592 2
44.681 4
44.769 3
44.857 1
44.945 2
45.034 4
45.122 3
45.21 1
45.298 2
45.387 3
45.475 4
45.563 1
45.916 4
45.916 2
46.092 3
46.269 4
46.445 1
46.622 2
46.798 3
46.975 1
47.151 2
47.239 3
47.328 4
47.504 3
47.681 1
47.857 3
48.034 2
48.21 1
48.387 3
48.563 2
48.651 4
48.739 1
48.916 2
49.092 4
49.269 1
49.445 2
49.622 3
49.798 1
49.975 2
50.063 3
50.151 4
50.328 3
50.504 1
50.681 4
50.857 3
51.034 2
51.21 1
51.21 4
51.563 2
51.563 1
51.739 1
51.828 4
51.828 3
52.004 4
52.092 1
52.092 2
52.269 1
52.357 4
52.357 3
52.534 4
52.622 2
52.622 1
52.71 3
52.798 2
52.887 1
52.975 3
52.975 4
53.151 4
53.239 2
53.239 1
53.416 1
53.504 4
53.504 3
53.681 4
53.769 1
53.769 2
53.945 1
54.034 4
54.034 3
54.122 2
54.21 3
54.298 4
54.387 2
54.387 1
54.563 4
54.651 2
54.651 3
54.828 1
54.916 3
54.916 4
55.092 4
55.181 1
55.181 2
55.357 4
55.445 3
55.445 2
55.534 1
55.622 2
55.71 3
55.798 4
55.798 1
55.887 2
55.975 4
56.063 3
56.151 1
56.239 2
56.328 4
56.416 3
56.504 1
56.592 2
56.681 3
56.769 4
56.857 1
56.945 2
57.034 3
57.122 4
57.21 2
57.21 1
57.563 3
57.916 4
58.092 2
58.269 1
58.622 4
58.975 3
59.328 4
59.504 2
59.681 1
60.034 4
60.387 3
60.739 4
60.916 2
61.092 1
61.445 4
61.798 3
62.151 4
62.328 2
62.504 1
62.857 1
63.21 2
63.563 1
63.739 2
63.916 4
64.269 1
64.622 2
64.975 1
65.151 2
65.328 4
65.681 1
66.034 2
66.387 1
66.563 3
66.739 4
67.092 1
67.445 2
67.798 1
67.975 3
68.151 1
68.239 2
68.328 4
68.416 3
68.504 1
68.504 2
68.857 3
69.21 1
69.387 2
69.563 4
69.916 1
70.269 3
70.622 1
70.798 2
70.975 4
71.328 4
71.328 3
71.681 2
72.034 4
72.21 3
72.387 1
72.739 4
73.092 2
73.445 4
73.622 3
73.798 1
73.887 2
73.975 4
74.063 3
74.151 2
74.151 1
74.504 3
74.857 4
75.034 2
75.21 4
75.563 1
75.916 3
76.269 4
76.445 2
76.622 4
76.975 4
76.975 3
77.328 2
77.681 1
77.857 3
78.034 1
78.387 1
78.475 2
78.563 4
78.651 3
78.739 1
78.828 2
78.916 4
79.004 3
79.092 2
79.181 3
79.269 1
79.269 4
79.357 2
79.445 4
79.445 3
79.798 4
79.798 1
80.151 3
80.151 4
80.504 4
80.504 1
80.857 2
80.857 1
81.21 1
81.21 4
81.563 3
81.563 4
81.916 1
81.916 4
82.269 1
82.269 2
82.622 1
82.622 4
82.975 3
82.975 4
83.328 4
83.328 1
83.681 2
83.681 1
84.034 1
84.034 4
84.387 3
84.387 2
84.739 1
84.739 4
84.916 3
85.004 2
85.092 1
85.092 4
85.445 3
85.622 4
85.71 2
85.887 4
85.975 2
86.151 1
86.239 3
86.416 1
86.504 2
86.592 4
86.681 3
86.769 1
86.857 2
87.034 1
87.122 3
87.298 1
87.387 3
87.563 4
87.651 2
87.828 4
87.916 3
88.004 1
88.092 2
88.181 4
88.269 3
88.445 4
88.534 2
88.71 4
88.798 2
88.975 1
89.063 3
89.239 1
89.328 2
89.416 4
89.504 3
89.592 1
89.681 2
89.681 4
89.769 3
89.857 1
89.945 4
89.945 2
90.034 3
90.21 2
90.21 1
90.387 3
90.387 4
91.092 4
91.092 1
91.181 3
91.269 2
91.357 1
91.445 4
91.534 2
91.622 3
91.71 4
91.798 1
91.887 3
91.975 2
92.063 1
92.151 4
92.239 3
92.328 2
92.416 3
92.504 1
92.592 2
92.681 3
92.769 4
92.857 1
92.945 3
93.034 2
93.122 1
93.21 4
93.298 2
93.387 3
93.475 4
93.563 3
93.651 2
93.739 3
93.828 2
93.916 4
94.004 3
94.092 2
94.181 1
94.269 4
94.357 2
94.445 3
94.534 4
94.622 1
94.71 3
94.798 2
94.887 1
94.975 2
95.063 3
95.151 2
95.239 3
95.328 1
95.416 2
95.504 3
95.592 2
95.681 4
95.769 3
95.857 2
95.945 3
96.034 1
96.122 2
96.21 4
96.298 3
96.387 1
96.475 2
96.563 3
96.651 2
96.739 4
96.828 3
96.916 2
97.004 1
97.092 4
97.181 2
97.269 3
97.357 4
97.445 1
97.534 3
97.622 2
97.71 1
97.798 4
97.887 3
97.975 2
98.063 3
98.151 1
98.239 2
98.328 3
98.416 4
98.504 1
98.592 3
98.681 2
98.769 1
98.857 4
98.945 2
99.034 3
99.122 4
99.21 3
99.298 2
99.387 3
99.475 2
99.563 4
99.651 3
99.739 2
99.828 1
99.916 4
100.004 2
100.092 3
100.181 4
100.269 1
100.357 3
100.445 2
100.534 1
100.622 4
100.71 3
100.798 2
100.887 3
100.975 1
101.063 2
101.151 3
101.239 2
101.328 4
101.416 3
101.504 2
101.592 1
101.681 3
101.769 2
101.857 1
101.857 4
101.945 2
102.034 3
102.122 1
102.21 2
102.298 3
102.387 1
102.387 4
102.563 3
102.739 1
102.739 4
102.916 2
103.092 4
103.092 3
103.269 2
103.445 4
103.445 1
103.622 3
103.798 2
103.798 1
103.975 4
104.151 1
104.151 2
104.328 4
104.504 3
104.504 2
104.681 1
104.857 4
104.857 3
105.034 1
105.21 4
105.21 2
105.387 4
105.563 1
105.563 2
105.739 3
105.916 1
105.916 2
106.092 3
106.269 1
106.269 4
106.445 2
106.622 4
106.622 3
106.798 1
106.975 3
106.975 2
107.151 4
107.328 3
107.328 2
107.504 1
107.681 4
107.681 3
108.034 1
108.034 2
108.21 1
108.298 3
108.298 4
108.475 4
108.563 2
108.563 1
108.739 1
108.828 3
108.828 4
109.004 4
109.092 2
109.092 1
109.181 3
109.269 2
109.357 3
109.445 4
109.445 1
109.622 3
109.71 2
109.71 4
109.887 2
109.975 1
109.975 3
110.151 3
110.239 2
110.239 4
110.416 3
110.504 4
110.504 1
110.592 3
110.681 2
110.769 1
110.857 3
110.857 4
111.034 4
111.122 2
111.122 1
111.298 1
111.387 4
111.387 3
111.563 4
111.651 2
111.651 1
111.828 1
111.916 3
111.916 4
112.004 2
112.092 3
112.181 2
112.269 4
112.269 1
112.357 3
112.445 1
112.534 2
112.622 4
112.71 3
112.798 1
112.887 2
112.975 4
113.063 3
113.151 2
113.239 1
113.328 3
113.328 4
113.681 1
113.857 3
114.034 2
114.122 4
114.298 2
114.387 4
114.563 2
114.739 3
114.828 1
115.004 3
115.092 1
115.181 2
115.269 4
115.357 3
115.445 1
115.534 2
115.622 3
115.71 4
115.798 1
115.798 2